% start	end	CellId	IMSI	RNTI	LCID	nTxPDUs	TxBytes	nRxPDUs	RxBytes	delay	stdDev	min	max	PduSize	stdDev	min	max
0.1	0.2	1	1	9	3	178	233180	56	73360	0.0281014	0.011917	0.00749881	0.0633308	1310	0	1310	1310	
0.1	0.2	1	2	11	3	178	233180	50	65500	0.0382277	0.0170567	0.0109977	0.0644977	1310	0	1310	1310	
0.1	0.2	1	3	5	3	178	233180	50	65500	0.0322267	0.0170567	0.00499665	0.0584967	1310	0	1310	1310	
0.1	0.2	1	4	4	3	178	233180	136	178160	0.0102434	0.0127167	0.00132761	0.0419956	1310	0	1310	1310	
0.1	0.2	1	5	12	3	178	233180	139	182090	0.0110835	0.0138091	0.0010051	0.0444945	1310	0	1310	1310	
0.1	0.2	1	6	10	3	178	233180	64	83840	0.0348317	0.0199935	0.00749341	0.0733254	1310	0	1310	1310	
0.1	0.2	1	7	3	3	178	233180	61	79910	0.0247516	0.0124343	0.00407437	0.0450744	1310	0	1310	1310	
0.1	0.2	1	8	7	3	178	233180	52	68120	0.0196125	0.011267	0.00399125	0.0659661	1310	0	1310	1310	
0.1	0.2	1	9	1	3	178	233180	52	68120	0.0378556	0.0180829	0.00349017	0.0654902	1310	0	1310	1310	
0.1	0.2	1	10	6	3	178	233180	50	65500	0.0332191	0.0170567	0.00598909	0.0594891	1310	0	1310	1310	
0.1	0.2	1	11	2	3	178	233180	52	68120	0.0258342	0.0106281	0.00398801	0.041988	1310	0	1310	1310	
0.1	0.2	1	12	8	3	178	233180	50	65500	0.0352169	0.0170567	0.00798693	0.0614869	1310	0	1310	1310	
0.2	0.3	1	1	9	3	198	259380	59	77290	0.0630652	0.0118399	0.0439988	0.0933308	1310	0	1310	1310	
0.2	0.3	1	2	11	3	378	495180	107	140170	0.0716099	0.0363045	0.0109977	0.131998	1310	0	1310	1310	
0.2	0.3	1	3	5	3	540	707400	268	349402	0.0481839	0.0377386	0.00102512	0.134497	1303.74	84.3149	162	1322	
0.2	0.3	1	4	4	3	198	259380	157	205670	0.0284933	0.0288613	0.00147047	0.0819956	1310	0	1310	1310	
0.2	0.3	1	5	12	3	198	259380	160	209600	0.0221393	0.0288072	0.00105867	0.0804945	1310	0	1310	1310	
0.2	0.3	1	6	10	3	198	259380	61	79910	0.0668185	0.0130146	0.0454934	0.104075	1310	0	1310	1310	
0.2	0.3	1	7	3	3	198	259380	65	85150	0.0637551	0.010952	0.0424923	0.0839923	1310	0	1310	1310	
0.2	0.3	1	8	7	3	198	259380	58	75980	0.0467642	0.0190119	0.0299913	0.177323	1310	0	1310	1310	
0.2	0.3	1	9	1	3	198	259380	57	74670	0.101885	0.0193004	0.0709902	0.13299	1310	0	1310	1310	
0.2	0.3	1	10	6	3	198	259380	64	83840	0.100052	0.0217926	0.0649891	0.135489	1310	0	1310	1310	
0.2	0.3	1	11	2	3	198	259380	57	74670	0.0640494	0.0139825	0.039488	0.087988	1310	0	1310	1310	
0.2	0.3	1	12	8	3	198	259380	57	74670	0.0978817	0.0193004	0.0669869	0.128987	1310	0	1310	1310	
0.3	0.4	1	1	9	3	198	259380	71	93010	0.116001	0.0414503	0.0824988	0.269831	1310	0	1310	1310	
0.3	0.4	1	2	11	3	578	757180	165	216150	0.10558	0.0559066	0.0109977	0.198998	1310	0	1310	1310	
0.3	0.4	1	3	5	3	198	259380	63	81372	0.161506	0.037835	0.00102512	0.201997	1291.62	144.824	188	1322	
0.3	0.4	1	4	4	3	198	259380	137	179470	0.0492884	0.0409477	0.00682761	0.111496	1310	0	1310	1310	
0.3	0.4	1	5	12	3	198	259380	144	188640	0.0382311	0.0460151	0.00105867	0.117494	1310	0	1310	1310	
0.3	0.4	1	6	10	3	198	259380	68	89080	0.114129	0.0247151	0.0839934	0.216075	1310	0	1310	1310	
0.3	0.4	1	7	3	3	198	259380	59	77290	0.101583	0.0167948	0.0814923	0.206824	1310	0	1310	1310	
0.3	0.4	1	8	7	3	816	1068960	64	83840	0.0623819	0.0299602	0.00349125	0.0964913	1310	0	1310	1310	
0.3	0.4	1	9	1	3	198	259380	58	75980	0.16924	0.0194781	0.13849	0.19999	1310	0	1310	1310	
0.3	0.4	1	10	6	3	621	813510	57	74670	0.102542	0.0910862	0.00348909	0.205489	1310	0	1310	1310	
0.3	0.4	1	11	2	3	198	259380	58	75980	0.112143	0.0152212	0.086988	0.136988	1310	0	1310	1310	
0.3	0.4	1	12	8	3	198	259380	65	85150	0.169302	0.0218424	0.134487	0.204487	1310	0	1310	1310	
0.4	0.5	1	1	9	3	198	259380	90	117900	0.198183	0.0729751	0.120999	0.310974	1310	0	1310	1310	
0.4	0.5	1	2	11	3	778	1019180	229	299990	0.143076	0.0775871	0.0109977	0.274998	1310	0	1310	1310	
0.4	0.5	1	3	5	3	198	259380	60	74187	0.235608	0.0250128	0.153079	0.269497	1236.45	281.838	47	1322	
0.4	0.5	1	4	4	3	198	259380	175	229250	0.0577273	0.0548292	0.00123832	0.155996	1310	0	1310	1310	
0.4	0.5	1	5	12	3	198	259380	172	225320	0.0525117	0.065477	0.00102296	0.159494	1310	0	1310	1310	
0.4	0.5	1	6	10	3	198	259380	58	75980	0.151788	0.0252871	0.130493	0.327575	1310	0	1310	1310	
0.4	0.5	1	7	3	3	198	259380	58	75980	0.140352	0.0259891	0.117992	0.318324	1310	0	1310	1310	
0.4	0.5	1	8	7	3	744	974640	51	66810	0.075403	0.0618736	0.00349125	0.157991	1310	0	1310	1310	
0.4	0.5	1	9	1	3	198	259380	64	83840	0.24074	0.0217562	0.20549	0.27599	1310	0	1310	1310	
0.4	0.5	1	10	6	3	198	259380	57	74670	0.218875	0.0118254	0.200489	0.241489	1310	0	1310	1310	
0.4	0.5	1	11	2	3	198	259380	64	83840	0.159152	0.0125246	0.136488	0.180988	1310	0	1310	1310	
0.4	0.5	1	12	8	3	198	259380	57	74670	0.240759	0.0191661	0.209987	0.271987	1310	0	1310	1310	
0.5	0.6	1	1	9	3	198	259380	59	77290	0.190526	0.0245601	0.163499	0.345581	1310	0	1310	1310	
0.5	0.6	1	2	11	3	1567	2052770	353	460680	0.201122	0.10104	0.0109977	0.342498	1305.04	72.7918	71	1322	
0.5	0.6	1	3	5	3	198	259380	64	83864	0.367498	0.0350009	0.189579	0.396497	1310.38	2.10442	1310	1322	
0.5	0.6	1	4	4	3	198	259380	145	189950	0.0854003	0.0836619	0.00147047	0.200496	1310	0	1310	1310	
0.5	0.6	1	5	12	3	198	259380	156	204360	0.0669838	0.086144	0.0010051	0.201494	1310	0	1310	1310	
0.5	0.6	1	6	10	3	198	259380	60	78600	0.1852	0.0456076	0.156493	0.435325	1310	0	1310	1310	
0.5	0.6	1	7	3	3	198	259380	83	108730	0.224164	0.0963692	0.154992	0.416824	1310	0	1310	1310	
0.5	0.6	1	8	7	3	198	259380	57	74670	0.032579	0.0114061	0.0124913	0.0524913	1310	0	1310	1310	
0.5	0.6	1	9	1	3	198	259380	58	75980	0.312033	0.019748	0.28099	0.34299	1310	0	1310	1310	
0.5	0.6	1	10	6	3	882	1155420	62	81220	0.198747	0.111462	0.00598909	0.288489	1310	0	1310	1310	
0.5	0.6	1	11	2	3	198	259380	58	75980	0.198712	0.0125297	0.180488	0.221488	1310	0	1310	1310	
0.5	0.6	1	12	8	3	198	259380	58	75980	0.30803	0.019748	0.276987	0.338987	1310	0	1310	1310	
0.6	0.7	1	1	9	3	198	259380	64	83840	0.23521	0.0134237	0.211499	0.258999	1310	0	1310	1310	
0.6	0.7	1	2	11	3	490	641900	57	73536	0.37746	0.0211305	0.30933	0.409498	1290.11	109.831	668	1322	
0.6	0.7	1	3	5	3	198	259380	60	78600	0.412854	0.0208164	0.298829	0.437497	1310	0	1310	1310	
0.6	0.7	1	4	4	3	198	259380	164	214840	0.0810382	0.0996267	0.00132761	0.239496	1310	0	1310	1310	
0.6	0.7	1	5	12	3	198	259380	153	200430	0.0824046	0.10508	0.0010051	0.235994	1310	0	1310	1310	
0.6	0.7	1	6	10	3	198	259380	65	85150	0.219829	0.0421372	0.194993	0.542325	1310	0	1310	1310	
0.6	0.7	1	7	3	3	198	259380	58	75980	0.218925	0.0353492	0.194492	0.472574	1310	0	1310	1310	
0.6	0.7	1	8	7	3	198	259380	70	91700	0.093917	0.101661	0.0474913	0.540716	1310	0	1310	1310	
0.6	0.7	1	9	1	3	198	259380	57	74670	0.379385	0.0193004	0.34849	0.41049	1310	0	1310	1310	
0.6	0.7	1	10	6	3	198	259380	58	75980	0.295222	0.0110875	0.275489	0.315489	1310	0	1310	1310	
0.6	0.7	1	11	2	3	198	259380	57	74670	0.238672	0.00841588	0.221488	0.252988	1310	0	1310	1310	
0.6	0.7	1	12	8	3	198	259380	64	83840	0.379549	0.0217926	0.344487	0.414987	1310	0	1310	1310	
0.7	0.8	1	1	9	3	1663	2178530	58	75980	0.253414	0.0929141	0.00349881	0.554581	1310	0	1310	1310	
0.7	0.8	1	2	11	3	198	259380	65	83110	0.450367	0.0220238	0.414998	0.485498	1278.62	178.353	135	1322	
0.7	0.8	1	3	5	3	198	259380	69	90390	0.450238	0.016388	0.406579	0.475497	1310	0	1310	1310	
0.7	0.8	1	4	4	3	198	259380	148	193880	0.103872	0.12586	0.00141689	0.279996	1310	0	1310	1310	
0.7	0.8	1	5	12	3	198	259380	165	216150	0.103531	0.127768	0.000987242	0.283994	1310	0	1310	1310	
0.7	0.8	1	6	10	3	1737	2275470	51	66810	0.24766	0.00890431	0.230493	0.264493	1310	0	1310	1310	
0.7	0.8	1	7	3	3	198	259380	60	78600	0.263891	0.0663042	0.226992	0.611574	1310	0	1310	1310	
0.7	0.8	1	8	7	3	621	813510	57	74670	0.0970877	0.00952414	0.0814913	0.114991	1310	0	1310	1310	
0.7	0.8	1	9	1	3	1029	1347990	159	208290	0.275282	0.188606	0.00649017	0.424572	1310	0	1310	1310	
0.7	0.8	1	10	6	3	198	259380	57	74670	0.331691	0.01088	0.312489	0.350989	1310	0	1310	1310	
0.7	0.8	1	11	2	3	198	259380	65	85150	0.271296	0.0100808	0.252488	0.287488	1310	0	1310	1310	
0.7	0.8	1	12	8	3	1508	1975480	52	68120	0.0408331	0.0945926	0.00348693	0.506487	1310	0	1310	1310	
0.8	0.9	1	1	9	3	198	259380	57	74670	0.0304199	0.0115356	0.00899881	0.0504988	1310	0	1310	1310	
0.8	0.9	1	2	11	3	198	259380	56	72310	0.521748	0.0193989	0.490498	0.552998	1291.25	113.485	591	1322	
0.8	0.9	1	3	5	3	198	259380	533	698230	0.319576	0.114906	0.121329	0.507497	1310	0	1310	1310	
0.8	0.9	1	4	4	3	198	259380	156	204360	0.12583	0.14767	0.00147047	0.325496	1310	0	1310	1310	
0.8	0.9	1	5	12	3	198	259380	70	91700	0.253417	0.102053	0.0343265	0.321994	1310	0	1310	1310	
0.8	0.9	1	6	10	3	198	259380	6	7860	0.278493	0.00173205	0.275993	0.280993	1310	0	1310	1310	
0.8	0.9	1	7	3	3	2296	3007760	64	83840	0.110102	0.132128	0.00449233	0.354992	1310	0	1310	1310	
0.8	0.9	1	8	7	3	198	259380	141	184710	0.177008	0.277421	0.00100186	0.709491	1310	0	1310	1310	
0.8	0.9	1	9	1	3	605	792550	61	79910	0.15853	0.179037	0.0474902	0.50949	1310	0	1310	1310	
0.8	0.9	1	10	6	3	198	259380	65	85150	0.370312	0.0116245	0.351989	0.392989	1310	0	1310	1310	
0.8	0.9	1	11	2	3	198	259380	58	75980	0.313959	0.0547498	0.287488	0.71632	1310	0	1310	1310	
0.8	0.9	1	12	8	3	1130	1480300	51	66810	0.23582	0.252182	0.00548693	0.579487	1310	0	1310	1310	
0.9	1	1	1	9	3	198	259380	88	115280	0.162492	0.155619	0.0489988	0.428331	1310	0	1310	1310	
0.9	1	1	2	11	3	198	259380	59	75264	0.58971	0.0199878	0.558498	0.620498	1275.66	208.328	35	1322	
0.9	1	1	3	5	3	1005	1316550	60	78600	0.383063	0.227238	0.00349665	0.538997	1310	0	1310	1310	
0.9	1	1	4	4	3	198	259380	169	221390	0.118544	0.161672	0.00123832	0.360996	1310	0	1310	1310	
0.9	1	1	5	12	3	198	259380	118	154580	0.229856	0.109546	0.102827	0.364494	1310	0	1310	1310	
0.9	1	1	6	10	3	198	259380	0	0	0	0	0	0	0	0	0	0	
0.9	1	1	7	3	3	1185	1552350	53	69430	0.0222848	0.00890086	0.00399233	0.0359923	1310	0	1310	1310	
0.9	1	1	8	7	3	203	265930	65	85150	0.597337	0.077894	0.00100186	0.656491	1310	0	1310	1310	
0.9	1	1	9	1	3	198	259380	58	75980	0.528447	0.0116883	0.50749	0.54649	1310	0	1310	1310	
0.9	1	1	10	6	3	198	259380	57	74670	0.41712	0.0149018	0.391989	0.443489	1310	0	1310	1310	
0.9	1	1	11	2	3	198	259380	60	78600	0.363362	0.088063	0.325488	0.83207	1310	0	1310	1310	
0.9	1	1	12	8	3	198	259380	65	85150	0.564341	0.0110749	0.545487	0.589987	1310	0	1310	1310	
1	1.1	1	1	9	3	198	259380	58	75980	0.112595	0.049333	0.0854988	0.471081	1310	0	1310	1310	
1	1.1	1	2	11	3	198	259380	63	77384	0.660307	0.0217396	0.624998	0.695498	1228.32	279.208	85	1322	
1	1.1	1	3	5	3	580	759800	58	75980	0.203013	0.276449	0.0104967	0.633997	1310	0	1310	1310	
1	1.1	1	4	4	3	198	259380	153	200430	0.141563	0.182585	0.00123832	0.399996	1310	0	1310	1310	
1	1.1	1	5	12	3	198	259380	153	200430	0.24286	0.120108	0.128577	0.405994	1310	0	1310	1310	
1	1.1	1	6	10	3	943	1235330	0	0	0	0	0	0	0	0	0	0	
1	1.1	1	7	3	3	198	259380	57	74670	0.217238	0.212462	0.0304923	0.500492	1310	0	1310	1310	
1	1.1	1	8	7	3	198	259380	58	75980	0.615957	0.0135785	0.591991	0.636991	1310	0	1310	1310	
1	1.1	1	9	1	3	198	259380	65	85150	0.562236	0.0100713	0.54449	0.58149	1310	0	1310	1310	
1	1.1	1	10	6	3	198	259380	58	75980	0.479325	0.0195653	0.448489	0.510489	1310	0	1310	1310	
1	1.1	1	11	2	3	198	259380	73	95630	0.456952	0.175239	0.369988	0.96432	1310	0	1310	1310	
1	1.1	1	12	8	3	198	259380	57	74670	0.550075	0.00560064	0.537487	0.559487	1310	0	1310	1310	
1.1	1.2	1	1	9	3	198	259380	585	766350	0.537502	0.224464	0.125499	0.972581	1310	0	1310	1310	
1.1	1.2	1	2	11	3	198	259380	57	72505	0.731971	0.0191149	0.701498	0.762998	1272.02	200.467	111	1322	
1.1	1.2	1	3	5	3	198	259380	65	85150	0.614912	0.00852092	0.595997	0.635497	1310	0	1310	1310	
1.1	1.2	1	4	4	3	198	259380	149	195190	0.189199	0.208356	0.00155975	0.445496	1310	0	1310	1310	
1.1	1.2	1	5	12	3	198	259380	137	179470	0.264531	0.139758	0.140077	0.448994	1310	0	1310	1310	
1.1	1.2	1	6	10	3	198	259380	0	0	0	0	0	0	0	0	0	0	
1.1	1.2	1	7	3	3	1070	1401700	64	83840	0.549852	0.351359	0.00349233	0.971492	1310	0	1310	1310	
1.1	1.2	1	8	7	3	198	259380	57	74670	0.651263	0.0106842	0.633491	0.670491	1310	0	1310	1310	
1.1	1.2	1	9	1	3	198	259380	57	74670	0.597324	0.010392	0.57949	0.61599	1310	0	1310	1310	
1.1	1.2	1	10	6	3	198	259380	65	85150	0.551543	0.0219815	0.515989	0.586489	1310	0	1310	1310	
1.1	1.2	1	11	2	3	198	259380	74	96940	0.560727	0.241492	0.413488	1.04782	1310	0	1310	1310	
1.1	1.2	1	12	8	3	198	259380	58	75980	0.540599	0.0078299	0.525987	0.553987	1310	0	1310	1310	
1.2	1.3	1	1	9	3	198	259380	69	90390	0.202016	0.0336026	0.167999	0.310331	1310	0	1310	1310	
1.2	1.3	1	2	11	3	198	259380	58	73363	0.799334	0.0192944	0.768998	0.830498	1264.88	189.666	197	1322	
1.2	1.3	1	3	5	3	198	259380	78	102180	0.481253	0.182243	0.148329	0.606997	1310	0	1310	1310	
1.2	1.3	1	4	4	3	198	259380	166	217460	0.163395	0.221161	0.00123832	0.491496	1310	0	1310	1310	
1.2	1.3	1	5	12	3	198	259380	144	188640	0.286883	0.144264	0.154577	0.485994	1310	0	1310	1310	
1.2	1.3	1	6	10	3	325	425750	0	0	0	0	0	0	0	0	0	0	
1.2	1.3	1	7	3	3	198	259380	57	74670	0.64993	0.109623	0.461992	0.832492	1310	0	1310	1310	
1.2	1.3	1	8	7	3	1389	1819590	56	73360	0.529196	0.288577	0.00449125	0.703991	1310	0	1310	1310	
1.2	1.3	1	9	1	3	198	259380	57	74670	0.640473	0.0117066	0.61899	0.66049	1310	0	1310	1310	
1.2	1.3	1	10	6	3	198	259380	57	74670	0.622805	0.0193922	0.591489	0.653489	1310	0	1310	1310	
1.2	1.3	1	11	2	3	198	259380	78	102180	0.639051	0.270082	0.455988	1.11971	1310	0	1310	1310	
1.2	1.3	1	12	8	3	1136	1488160	64	83840	0.466081	0.162086	0.00498693	0.533987	1310	0	1310	1310	
1.3	1.4	1	1	9	3	198	259380	61	79910	0.243308	0.0456358	0.216999	0.451474	1310	0	1310	1310	
1.3	1.4	1	2	11	3	198	259380	65	82611	0.871921	0.021832	0.836498	0.906498	1270.94	189.653	191	1322	
1.3	1.4	1	3	5	3	198	259380	67	87770	0.532587	0.102208	0.222222	0.591497	1310	0	1310	1310	
1.3	1.4	1	4	4	3	198	259380	155	203050	0.193853	0.247445	0.00116689	0.535496	1310	0	1310	1310	
1.3	1.4	1	5	12	3	198	259380	343	449330	0.147148	0.178515	0.000987242	0.522994	1310	0	1310	1310	
1.3	1.4	1	6	10	3	198	259380	0	0	0	0	0	0	0	0	0	0	
1.3	1.4	1	7	3	3	1181	1547110	56	73360	0.240448	0.219859	0.00499233	0.472492	1310	0	1310	1310	
1.3	1.4	1	8	7	3	892	1168520	57	74670	0.0336667	0.0127806	0.0114913	0.0559913	1310	0	1310	1310	
1.3	1.4	1	9	1	3	198	259380	65	85150	0.677021	0.00899949	0.66049	0.69449	1310	0	1310	1310	
1.3	1.4	1	10	6	3	219	286890	57	74670	0.689673	0.0193922	0.658989	0.720989	1310	0	1310	1310	
1.3	1.4	1	11	2	3	198	259380	116	151960	0.784183	0.308522	0.490988	1.14396	1310	0	1310	1310	
1.3	1.4	1	12	8	3	198	259380	516	675960	0.268744	0.142754	0.0104869	0.543819	1310	0	1310	1310	
1.4	1.5	1	1	9	3	198	259380	62	81220	0.290836	0.0768484	0.245999	0.569581	1310	0	1310	1310	
1.4	1.5	1	2	11	3	2494	3267140	104	136240	0.556668	0.543049	0.00349773	1.20397	1310	0	1310	1310	
1.4	1.5	1	3	5	3	198	259380	69	90390	0.580639	0.0776772	0.307829	0.672497	1310	0	1310	1310	
1.4	1.5	1	4	4	3	198	259380	170	222700	0.210896	0.267673	0.00120261	0.575996	1310	0	1310	1310	
1.4	1.5	1	5	12	3	198	259380	162	212220	0.190061	0.257113	0.000987242	0.556994	1310	0	1310	1310	
1.4	1.5	1	6	10	3	198	259380	7	9170	0.776636	0.0810914	0.743993	0.960493	1310	0	1310	1310	
1.4	1.5	1	7	3	3	198	259380	65	85150	0.360231	0.206221	0.0234923	0.517492	1310	0	1310	1310	
1.4	1.5	1	8	7	3	1006	1317853	14	18340	0.231634	0.340171	0.0514913	0.860491	1310	0	1310	1310	
1.4	1.5	1	9	1	3	198	259380	58	75980	0.711309	0.0105205	0.69199	0.72999	1310	0	1310	1310	
1.4	1.5	1	10	6	3	1682	2203420	64	83840	0.264169	0.34406	0.00448909	0.745989	1310	0	1310	1310	
1.4	1.5	1	11	2	3	198	259380	105	137550	0.831817	0.302362	0.535488	1.18182	1310	0	1310	1310	
1.4	1.5	1	12	8	3	269	352390	64	83840	0.0728423	0.013777	0.0474869	0.0944869	1310	0	1310	1310	
1.5	1.6	1	1	9	3	198	259380	65	85150	0.314022	0.0154099	0.288499	0.338999	1310	0	1310	1310	
1.5	1.6	1	2	11	3	198	259380	59	77290	0.102183	0.207881	0.0449977	1.21508	1310	0	1310	1310	
1.5	1.6	1	3	5	3	198	259380	66	86460	0.610127	0.0629144	0.413579	0.644497	1310	0	1310	1310	
1.5	1.6	1	4	4	3	198	259380	164	214840	0.209066	0.280325	0.00116689	0.605996	1310	0	1310	1310	
1.5	1.6	1	5	12	3	198	259380	173	226630	0.194844	0.27385	0.000987242	0.602994	1310	0	1310	1310	
1.5	1.6	1	6	10	3	1657	2170670	271	355010	0.809136	0.432154	0.00449341	1.36033	1310	0	1310	1310	
1.5	1.6	1	7	3	3	198	259380	90	117900	0.310637	0.209415	0.00382437	0.478992	1310	0	1310	1310	
1.5	1.6	1	8	7	3	198	259380	14	18101	0.127777	0.255232	0.0549913	1.01449	1292.93	63.8754	1071	1310	
1.5	1.6	1	9	1	3	198	259380	57	74670	0.752603	0.0144947	0.72799	0.77799	1310	0	1310	1310	
1.5	1.6	1	10	6	3	995	1303450	58	75980	0.140153	0.261745	0.0289891	0.907989	1310	0	1310	1310	
1.5	1.6	1	11	2	3	198	259380	84	110040	0.787014	0.294631	0.574488	1.24368	1310	0	1310	1310	
1.5	1.6	1	12	8	3	198	259380	64	83840	0.18644	0.030697	0.0959869	0.212487	1310	0	1310	1310	
1.6	1.7	1	1	9	3	198	259380	69	90390	0.428756	0.146707	0.340499	0.777581	1310	0	1310	1310	
1.6	1.7	1	2	11	3	1502	1967620	65	85150	0.09739	0.0111606	0.0769977	0.118998	1310	0	1310	1310	
1.6	1.7	1	3	5	3	198	259380	61	79910	0.654432	0.0391011	0.504936	0.683497	1310	0	1310	1310	
1.6	1.7	1	4	4	3	198	259380	144	188640	0.249237	0.306876	0.00123832	0.648496	1310	0	1310	1310	
1.6	1.7	1	5	12	3	198	259380	161	210910	0.253338	0.307455	0.000987242	0.649994	1310	0	1310	1310	
1.6	1.7	1	6	10	3	198	259380	252	330120	0.452592	0.225459	0.0344934	0.733004	1310	0	1310	1310	
1.6	1.7	1	7	3	3	257	336670	58	75980	0.48682	0.0109839	0.468492	0.505992	1310	0	1310	1310	
1.6	1.7	1	8	7	3	198	259380	59	77290	0.104628	0.133312	0.0634913	1.10657	1310	0	1310	1310	
1.6	1.7	1	9	1	3	198	259380	65	85150	0.818859	0.0220918	0.78349	0.85399	1310	0	1310	1310	
1.6	1.7	1	10	6	3	1709	2238790	51	66810	0.0235577	0.010878	0.00398909	0.0399891	1310	0	1310	1310	
1.6	1.7	1	11	2	3	198	259380	76	99560	0.725056	0.236355	0.608488	1.33607	1310	0	1310	1310	
1.6	1.7	1	12	8	3	198	259380	58	75980	0.238711	0.0182113	0.210987	0.268487	1310	0	1310	1310	
1.7	1.8	1	1	9	3	198	259380	59	77290	0.409814	0.0569713	0.384999	0.834081	1310	0	1310	1310	
1.7	1.8	1	2	11	3	1724	2258440	51	66810	0.0280173	0.00990957	0.00399773	0.0444977	1310	0	1310	1310	
1.7	1.8	1	3	5	3	198	259380	73	95630	0.706141	0.0307829	0.633186	0.748997	1310	0	1310	1310	
1.7	1.8	1	4	4	3	198	259380	164	214840	0.266408	0.328309	0.00113118	0.691496	1310	0	1310	1310	
1.7	1.8	1	5	12	3	198	259380	155	203050	0.243748	0.319058	0.000987242	0.680994	1310	0	1310	1310	
1.7	1.8	1	6	10	3	198	259380	247	323570	0.361377	0.159528	0.0764934	0.557504	1310	0	1310	1310	
1.7	1.8	1	7	3	3	198	259380	160	209600	0.212037	0.257515	0.00123508	0.547992	1310	0	1310	1310	
1.7	1.8	1	8	7	3	902	1181620	57	74670	0.129509	0.0118367	0.106991	0.149491	1310	0	1310	1310	
1.7	1.8	1	9	1	3	198	259380	57	74670	0.890095	0.0193004	0.85899	0.92099	1310	0	1310	1310	
1.7	1.8	1	10	6	3	1496	1959760	41	53710	0.0256354	0.0140273	0.00648909	0.0549891	1310	0	1310	1310	
1.7	1.8	1	11	2	3	198	259380	67	87770	0.776112	0.250811	0.649488	1.408	1310	0	1310	1310	
1.7	1.8	1	12	8	3	198	259380	57	74670	0.305092	0.0193004	0.273987	0.335987	1310	0	1310	1310	
1.8	1.9	1	1	9	3	198	259380	64	83840	0.441475	0.0147265	0.417499	0.467999	1310	0	1310	1310	
1.8	1.9	1	2	11	3	2109	2762790	51	66810	0.0444781	0.0210976	0.00349773	0.0699977	1310	0	1310	1310	
1.8	1.9	1	3	5	3	198	259380	87	113970	0.746832	0.0403743	0.663686	0.795997	1310	0	1310	1310	
1.8	1.9	1	4	4	3	198	259380	138	180780	0.295512	0.349464	0.00105975	0.733996	1310	0	1310	1310	
1.8	1.9	1	5	12	3	198	259380	137	179470	0.290735	0.342534	0.000987242	0.717494	1310	0	1310	1310	
1.8	1.9	1	6	10	3	198	259380	306	400860	0.311383	0.107029	0.106993	0.495325	1310	0	1310	1310	
1.8	1.9	1	7	3	3	200	262000	61	79910	0.537902	0.123506	0.00132437	0.584992	1310	0	1310	1310	
1.8	1.9	1	8	7	3	198	259380	65	85150	0.253784	0.304208	0.145491	1.30199	1310	0	1310	1310	
1.8	1.9	1	9	1	3	198	259380	58	75980	0.957654	0.0195653	0.92649	0.98849	1310	0	1310	1310	
1.8	1.9	1	10	6	3	198	259380	58	75980	0.0579719	0.0126161	0.0349891	0.0764891	1310	0	1310	1310	
1.8	1.9	1	11	2	3	198	259380	75	98250	0.885647	0.315814	0.690488	1.46918	1310	0	1310	1310	
1.8	1.9	1	12	8	3	198	259380	65	85150	0.376487	0.0220227	0.341487	0.411487	1310	0	1310	1310	
1.9	2	1	1	9	3	198	259380	67	87770	0.558782	0.181872	0.466999	1.06272	1310	0	1310	1310	
1.9	2	1	2	11	3	761	996910	147	192570	0.217791	0.513168	0.00132977	1.6555	1310	0	1310	1310	
1.9	2	1	3	5	3	198	259380	85	111350	0.791041	0.0332306	0.712829	0.831997	1310	0	1310	1310	
1.9	2	1	4	4	3	198	259380	167	218770	0.262586	0.357243	0.00100618	0.768996	1310	0	1310	1310	
1.9	2	1	5	12	3	198	259380	167	218770	0.288661	0.360342	0.0010051	0.757994	1310	0	1310	1310	
1.9	2	1	6	10	3	198	259380	106	138860	0.236829	0.0688119	0.154993	0.334004	1310	0	1310	1310	
1.9	2	1	7	3	3	198	259380	57	74670	0.60301	0.00993994	0.585492	0.620992	1310	0	1310	1310	
1.9	2	1	8	7	3	198	259380	57	74670	1.25093	0.0186665	1.23299	1.30149	1310	0	1310	1310	
1.9	2	1	9	1	3	198	259380	64	83840	1.02893	0.0217926	0.99349	1.06399	1310	0	1310	1310	
1.9	2	1	10	6	3	198	259380	58	75980	0.112048	0.146811	0.0754891	1.20791	1310	0	1310	1310	
1.9	2	1	11	2	3	198	259380	82	107420	0.916142	0.314174	0.732988	1.54857	1310	0	1310	1310	
1.9	2	1	12	8	3	198	259380	57	74670	0.447882	0.0193004	0.416987	0.478987	1310	0	1310	1310	
2	2.1	1	1	9	3	198	259380	140	183400	0.847627	0.269048	0.506499	1.08183	1310	0	1310	1310	
2	2.1	1	2	11	3	208	272480	59	77290	1.53655	0.303411	0.00332977	1.7525	1310	0	1310	1310	
2	2.1	1	3	5	3	198	259380	92	120520	0.839045	0.0254098	0.780293	0.874497	1310	0	1310	1310	
2	2.1	1	4	4	3	202	264620	65	85150	0.792642	0.0140038	0.768996	0.816996	1310	0	1310	1310	
2	2.1	1	5	12	3	198	259380	154	201740	0.294625	0.378901	0.0010051	0.805494	1310	0	1310	1310	
2	2.1	1	6	10	3	198	259380	99	129690	0.27634	0.0728792	0.192493	0.389325	1310	0	1310	1310	
2	2.1	1	7	3	3	198	259380	65	85150	0.653038	0.0206278	0.620992	0.686992	1310	0	1310	1310	
2	2.1	1	8	7	3	198	259380	58	75980	1.19636	0.118838	0.321991	1.24399	1310	0	1310	1310	
2	2.1	1	9	1	3	198	259380	58	75980	1.10045	0.019748	1.06949	1.13149	1310	0	1310	1310	
2	2.1	1	10	6	3	198	259380	65	85150	0.138066	0.014041	0.114489	0.161989	1310	0	1310	1310	
2	2.1	1	11	2	3	198	259380	72	94320	0.958872	0.322393	0.783988	1.63643	1310	0	1310	1310	
2	2.1	1	12	8	3	198	259380	58	75980	0.515237	0.0194781	0.484487	0.545987	1310	0	1310	1310	
2.1	2.2	1	1	9	3	198	259380	74	96940	0.632384	0.18017	0.540499	1.17133	1310	0	1310	1310	
2.1	2.2	1	2	11	3	198	259380	57	74670	1.45322	0.0413475	1.3615	1.5275	1310	0	1310	1310	
2.1	2.2	1	3	5	3	198	259380	85	111350	0.888336	0.0167826	0.841329	0.922686	1310	0	1310	1310	
2.1	2.2	1	4	4	3	198	259380	57	74670	0.835504	0.0108864	0.814496	0.855496	1310	0	1310	1310	
2.1	2.2	1	5	12	3	198	259380	159	208290	0.295587	0.394185	0.00105867	0.841494	1310	0	1310	1310	
2.1	2.2	1	6	10	3	198	259380	129	168990	0.335518	0.0752501	0.237493	0.419575	1310	0	1310	1310	
2.1	2.2	1	7	3	3	198	259380	57	74670	0.723387	0.0193004	0.692492	0.754492	1310	0	1310	1310	
2.1	2.2	1	8	7	3	198	259380	64	83840	1.17797	0.00868242	1.16249	1.19299	1310	0	1310	1310	
2.1	2.2	1	9	1	3	198	259380	57	74670	1.1676	0.0193004	1.13649	1.19849	1310	0	1310	1310	
2.1	2.2	1	10	6	3	198	259380	57	74670	0.174577	0.0101599	0.159989	0.194489	1310	0	1310	1310	
2.1	2.2	1	11	2	3	198	259380	82	107420	1.09634	0.390228	0.819988	1.70868	1310	0	1310	1310	
2.1	2.2	1	12	8	3	198	259380	64	83840	0.586737	0.0217562	0.551487	0.621987	1310	0	1310	1310	
2.2	2.3	1	1	9	3	198	259380	67	87770	0.698608	0.201215	0.593999	1.17933	1310	0	1310	1310	
2.2	2.3	1	2	11	3	206	269860	65	85150	1.29647	0.0333718	1.2255	1.36	1310	0	1310	1310	
2.2	2.3	1	3	5	3	198	259380	76	99560	0.937182	0.0250058	0.904497	0.998579	1310	0	1310	1310	
2.2	2.3	1	4	4	3	1258	1647980	614	804340	0.376398	0.252311	0.0273276	0.868996	1310	0	1310	1310	
2.2	2.3	1	5	12	3	198	259380	151	197810	0.369558	0.425203	0.0010051	0.876994	1310	0	1310	1310	
2.2	2.3	1	6	10	3	198	259380	112	146720	0.37212	0.0677346	0.284493	0.459504	1310	0	1310	1310	
2.2	2.3	1	7	3	3	198	259380	58	75980	0.790742	0.0194781	0.759992	0.821492	1310	0	1310	1310	
2.2	2.3	1	8	7	3	198	259380	58	75980	1.16926	0.00470928	1.15849	1.17949	1310	0	1310	1310	
2.2	2.3	1	9	1	3	198	259380	65	85150	1.23917	0.0218424	1.20399	1.27399	1310	0	1310	1310	
2.2	2.3	1	10	6	3	835	1093850	58	75980	0.220144	0.0143133	0.195489	0.242989	1310	0	1310	1310	
2.2	2.3	1	11	2	3	198	259380	127	166370	1.29494	0.432209	0.857488	1.75607	1310	0	1310	1310	
2.2	2.3	1	12	8	3	1556	2038360	53	69430	0.629544	0.125791	0.00448693	0.680987	1310	0	1310	1310	
2.3	2.4	1	1	9	3	198	259380	59	77290	0.664322	0.0835093	0.634499	1.29008	1310	0	1310	1310	
2.3	2.4	1	2	11	3	198	259380	58	75980	1.16963	0.0396236	1.101	1.235	1310	0	1310	1310	
2.3	2.4	1	3	5	3	198	259380	88	115280	0.984121	0.0352036	0.943997	1.07372	1310	0	1310	1310	
2.3	2.4	1	4	4	3	198	259380	7	9170	0.0260062	0.00141947	0.0240776	0.0280776	1310	0	1310	1310	
2.3	2.4	1	5	12	3	198	259380	147	192570	0.346847	0.436135	0.000987242	0.915494	1310	0	1310	1310	
2.3	2.4	1	6	10	3	198	259380	104	136240	0.410052	0.0675813	0.328993	0.502325	1310	0	1310	1310	
2.3	2.4	1	7	3	3	198	259380	129	168990	0.43468	0.426205	0.00282437	0.897492	1310	0	1310	1310	
2.3	2.4	1	8	7	3	198	259380	57	74670	1.15622	0.00723216	1.13949	1.17299	1310	0	1310	1310	
2.3	2.4	1	9	1	3	198	259380	57	74670	1.3106	0.0193004	1.27949	1.34149	1310	0	1310	1310	
2.3	2.4	1	10	6	3	198	259380	65	85150	0.260143	0.00936288	0.240989	0.277489	1310	0	1310	1310	
2.3	2.4	1	11	2	3	198	259380	125	163750	1.37699	0.420422	0.897488	1.77228	1310	0	1310	1310	
2.3	2.4	1	12	8	3	1711	2241410	51	66810	0.0164771	0.00690325	0.00348693	0.0304869	1310	0	1310	1310	
2.4	2.5	1	1	9	3	198	259380	76	99560	0.803537	0.260674	0.667999	1.43683	1310	0	1310	1310	
2.4	2.5	1	2	11	3	198	259380	57	74670	1.04605	0.0365405	0.973998	1.1055	1310	0	1310	1310	
2.4	2.5	1	3	5	3	198	259380	81	106110	1.03145	0.0475664	0.985497	1.13858	1310	0	1310	1310	
2.4	2.5	1	4	4	3	198	259380	15	19650	0.169594	0.0162353	0.155828	0.193828	1310	0	1310	1310	
2.4	2.5	1	5	12	3	198	259380	150	196500	0.358667	0.452	0.000987242	0.941994	1310	0	1310	1310	
2.4	2.5	1	6	10	3	198	259380	127	166370	0.458197	0.0661158	0.369493	0.534433	1310	0	1310	1310	
2.4	2.5	1	7	3	3	219	286890	59	77290	0.907711	0.117776	0.0219137	0.939492	1310	0	1310	1310	
2.4	2.5	1	8	7	3	198	259380	65	85150	1.13194	0.00638794	1.11899	1.14949	1310	0	1310	1310	
2.4	2.5	1	9	1	3	198	259380	58	75980	1.37795	0.019748	1.34699	1.40899	1310	0	1310	1310	
2.4	2.5	1	10	6	3	198	259380	57	74670	0.292858	0.00853801	0.277989	0.309989	1310	0	1310	1310	
2.4	2.5	1	11	2	3	198	259380	132	172920	1.42417	0.40919	0.941488	1.79378	1310	0	1310	1310	
2.4	2.5	1	12	8	3	198	259380	72	94320	0.0712628	0.140345	0.0269869	0.887462	1310	0	1310	1310	
2.5	2.6	1	1	9	3	198	259380	58	75980	0.736757	0.00986543	0.718999	0.753999	1310	0	1310	1310	
2.5	2.6	1	2	11	3	198	259380	65	85150	0.946813	0.0135238	0.931498	0.982998	1310	0	1310	1310	
2.5	2.6	1	3	5	3	198	259380	80	104800	1.0719	0.0591971	1.019	1.20997	1310	0	1310	1310	
2.5	2.6	1	4	4	3	198	259380	38	49780	0.243979	0.0125183	0.221828	0.264078	1310	0	1310	1310	
2.5	2.6	1	5	12	3	198	259380	153	200430	0.402061	0.473701	0.000987242	0.980994	1310	0	1310	1310	
2.5	2.6	1	6	10	3	198	259380	115	150650	0.49195	0.058415	0.415993	0.573165	1310	0	1310	1310	
2.5	2.6	1	7	3	3	198	259380	123	161130	0.450693	0.481357	0.00207437	1.04549	1310	0	1310	1310	
2.5	2.6	1	8	7	3	198	259380	136	178160	0.489739	0.562029	0.00216257	1.16799	1310	0	1310	1310	
2.5	2.6	1	9	1	3	198	259380	64	83840	1.44924	0.0217562	1.41399	1.48449	1310	0	1310	1310	
2.5	2.6	1	10	6	3	198	259380	57	74670	1.36129	0.553591	0.305489	1.81349	1310	0	1310	1310	
2.5	2.6	1	11	2	3	198	259380	118	154580	1.37309	0.400975	0.983488	1.82852	1310	0	1310	1310	
2.5	2.6	1	12	8	3	198	259380	59	77290	0.109954	0.158815	0.0594869	0.976819	1310	0	1310	1310	
2.6	2.7	1	1	9	3	198	259380	82	107420	1.00933	0.362911	0.749499	1.56308	1310	0	1310	1310	
2.6	2.7	1	2	11	3	198	259380	57	74670	0.927199	0.00788303	0.914998	0.943998	1310	0	1310	1310	
2.6	2.7	1	3	5	3	198	259380	96	125760	1.13701	0.0753867	1.06	1.28101	1310	0	1310	1310	
2.6	2.7	1	4	4	3	198	259380	58	75980	0.299026	0.00483902	0.266328	0.303828	1310	0	1310	1310	
2.6	2.7	1	5	12	3	198	259380	150	196500	0.387682	0.488476	0.000987242	1.02149	1310	0	1310	1310	
2.6	2.7	1	6	10	3	198	259380	139	182090	0.536656	0.0543708	0.451493	0.595183	1310	0	1310	1310	
2.6	2.7	1	7	3	3	198	259380	67	87770	1.03586	0.181741	0.00932437	1.08849	1310	0	1310	1310	
2.6	2.7	1	8	7	3	227	297370	59	77290	1.16698	0.152357	0.0199661	1.20849	1310	0	1310	1310	
2.6	2.7	1	9	1	3	3290	4309900	51	66810	1.51673	0.0172091	1.48999	1.54349	1310	0	1310	1310	
2.6	2.7	1	10	6	3	198	259380	65	85150	1.22621	0.0991195	1.11699	1.45749	1310	0	1310	1310	
2.6	2.7	1	11	2	3	198	259380	134	175540	1.49777	0.396166	1.02949	1.85893	1310	0	1310	1310	
2.6	2.7	1	12	8	3	898	1176380	58	75980	0.121754	0.0136758	0.0994869	0.144487	1310	0	1310	1310	
2.7	2.8	1	1	9	3	198	259380	66	86460	0.827061	0.106502	0.788999	1.67058	1310	0	1310	1310	
2.7	2.8	1	2	11	3	198	259380	58	75980	0.92111	0.00992388	0.903498	0.939998	1310	0	1310	1310	
2.7	2.8	1	3	5	3	198	259380	82	107420	1.18467	0.0878524	1.1105	1.34333	1310	0	1310	1310	
2.7	2.8	1	4	4	3	198	259380	54	70740	0.323976	0.0109641	0.304078	0.343828	1310	0	1310	1310	
2.7	2.8	1	5	12	3	198	259380	164	214840	0.362178	0.496309	0.000987242	1.06299	1310	0	1310	1310	
2.7	2.8	1	6	10	3	198	259380	137	179470	0.558466	0.0377166	0.498493	0.60554	1310	0	1310	1310	
2.7	2.8	1	7	3	3	2415	3163650	53	69430	0.907662	0.437669	0.00349233	1.13899	1310	0	1310	1310	
2.7	2.8	1	8	7	3	198	259380	64	83840	1.23787	0.0163245	1.20899	1.26449	1310	0	1310	1310	
2.7	2.8	1	9	1	3	5943	7785330	19	24890	1.0857	0.753687	0.00399017	1.60749	1310	0	1310	1310	
2.7	2.8	1	10	6	3	1721	2254510	56	73360	0.0270427	0.0134501	0.00348909	0.0499891	1310	0	1310	1310	
2.7	2.8	1	11	2	3	198	259380	98	128380	1.41076	0.394214	1.06249	1.89857	1310	0	1310	1310	
2.7	2.8	1	12	8	3	198	259380	64	83840	0.164049	0.0117259	0.142487	0.185487	1310	0	1310	1310	
2.8	2.9	1	1	9	3	1969	2579390	57	74670	0.854902	0.0102589	0.836499	0.875999	1310	0	1310	1310	
2.8	2.9	1	2	11	3	198	259380	64	83840	0.962763	0.0144596	0.939998	0.987998	1310	0	1310	1310	
2.8	2.9	1	3	5	3	198	259380	71	93010	1.20461	0.0950801	1.1435	1.42497	1310	0	1310	1310	
2.8	2.9	1	4	4	3	198	259380	54	70740	0.356925	0.0099485	0.344578	0.377078	1310	0	1310	1310	
2.8	2.9	1	5	12	3	198	259380	169	221390	0.416343	0.526619	0.000987242	1.10549	1310	0	1310	1310	
2.8	2.9	1	6	10	3	198	259380	143	187330	0.591193	0.0236297	0.543493	0.619218	1310	0	1310	1310	
2.8	2.9	1	7	3	3	1229	1609990	57	74670	0.752957	0.586245	0.0114923	1.22699	1310	0	1310	1310	
2.8	2.9	1	8	7	3	198	259380	58	75980	1.27894	0.010048	1.26299	1.29649	1310	0	1310	1310	
2.8	2.9	1	9	1	3	490	641900	61	79910	0.0248672	0.0108288	0.00349017	0.0439902	1310	0	1310	1310	
2.8	2.9	1	10	6	3	1076	1409560	57	74670	0.249024	0.438905	0.0509891	1.27899	1310	0	1310	1310	
2.8	2.9	1	11	2	3	198	259380	103	134930	1.41778	0.394509	1.09499	1.94443	1310	0	1310	1310	
2.8	2.9	1	12	8	3	198	259380	58	75980	0.593909	0.511281	0.181987	1.25549	1310	0	1310	1310	
2.9	3	1	1	9	3	198	259380	58	75980	0.893171	0.0121553	0.871999	0.913499	1310	0	1310	1310	
2.9	3	1	2	11	3	2091	2739210	38	49780	0.994113	0.00559124	0.985973	1.00972	1310	0	1310	1310	
2.9	3	1	3	5	3	198	259380	79	103490	1.2444	0.109872	1.1685	1.51208	1310	0	1310	1310	
2.9	3	1	4	4	3	198	259380	162	212220	0.385301	0.0133552	0.355328	0.403828	1310	0	1310	1310	
2.9	3	1	5	12	3	198	259380	155	203050	0.415866	0.544754	0.000987242	1.14999	1310	0	1310	1310	
2.9	3	1	6	10	3	198	259380	124	162440	0.612492	0.0159473	0.581493	0.644004	1310	0	1310	1310	
2.9	3	1	7	3	3	198	259380	145	189950	0.559038	0.61983	0.00116365	1.26449	1310	0	1310	1310	
2.9	3	1	8	7	3	198	259380	57	74670	1.31438	0.0121358	1.29199	1.33549	1310	0	1310	1310	
2.9	3	1	9	1	3	381	499110	57	74670	0.828174	0.733758	0.00499017	1.75749	1310	0	1310	1310	
2.9	3	1	10	6	3	198	259380	65	85150	1.19663	0.015203	1.17299	1.23049	1310	0	1310	1310	
2.9	3	1	11	2	3	198	259380	116	151960	1.58006	0.409645	1.14549	1.98657	1310	0	1310	1310	
2.9	3	1	12	8	3	198	259380	57	74670	1.23333	0.00655346	1.22149	1.24649	1310	0	1310	1310	
3	3.1	1	1	9	3	3261	4271910	58	75980	0.691111	0.404736	0.00349881	0.943499	1310	0	1310	1310	
3	3.1	1	2	11	3	198	259380	0	0	0	0	0	0	0	0	0	0	
3	3.1	1	3	5	3	198	259380	74	96940	1.30369	0.131703	1.2195	1.58476	1310	0	1310	1310	
3	3.1	1	4	4	3	198	259380	16	20960	0.377859	0.0388109	0.351828	0.441328	1310	0	1310	1310	
3	3.1	1	5	12	3	198	259380	148	193880	0.45863	0.571629	0.000987242	1.19099	1310	0	1310	1310	
3	3.1	1	6	10	3	198	259380	134	175540	0.64999	0.0120682	0.618493	0.670993	1310	0	1310	1310	
3	3.1	1	7	3	3	203	265930	59	77290	1.2081	0.228037	0.00132437	1.26249	1310	0	1310	1310	
3	3.1	1	8	7	3	198	259380	65	85150	1.3587	0.0135952	1.33749	1.38399	1310	0	1310	1310	
3	3.1	1	9	1	3	993	1300830	54	70740	0.304499	0.424687	0.00349017	1.11199	1310	0	1310	1310	
3	3.1	1	10	6	3	198	259380	158	206980	0.419246	0.557347	0.00123184	1.18399	1310	0	1310	1310	
3	3.1	1	11	2	3	198	259380	135	176850	1.66122	0.397415	1.18549	2.01375	1310	0	1310	1310	
3	3.1	1	12	8	3	2228	2918680	64	83840	0.848284	0.567206	0.00548693	1.24849	1310	0	1310	1310	
3.1	3.2	1	1	9	3	198	259380	60	78600	0.0879479	0.219367	0.0164988	1.06008	1310	0	1310	1310	
3.1	3.2	1	2	11	3	1272	1666320	0	0	0	0	0	0	0	0	0	0	
3.1	3.2	1	3	5	3	198	259380	60	78600	1.29221	0.0761726	1.2525	1.63108	1310	0	1310	1310	
3.1	3.2	1	4	4	3	198	259380	65	85150	0.470258	0.00198948	0.466328	0.474328	1310	0	1310	1310	
3.1	3.2	1	5	12	3	198	259380	174	227940	0.448252	0.587856	0.000987242	1.24249	1310	0	1310	1310	
3.1	3.2	1	6	10	3	198	259380	108	141480	0.6892	0.0129455	0.664825	0.713433	1310	0	1310	1310	
3.1	3.2	1	7	3	3	1607	2105170	52	68120	0.379021	0.569639	0.00349233	1.26949	1310	0	1310	1310	
3.1	3.2	1	8	7	3	198	259380	57	74670	1.42039	0.0193004	1.38949	1.45149	1310	0	1310	1310	
3.1	3.2	1	9	1	3	198	259380	65	85150	0.221167	0.0476308	0.17999	0.38949	1310	0	1310	1310	
3.1	3.2	1	10	6	3	201	263310	60	78600	1.1028	0.206507	0.00157113	1.15999	1310	0	1310	1310	
3.1	3.2	1	11	2	3	198	259380	152	199120	1.69372	0.383889	1.22599	2.03782	1310	0	1310	1310	
3.1	3.2	1	12	8	3	198	259380	58	75980	1.17209	0.0348091	1.10899	1.23199	1310	0	1310	1310	
3.2	3.3	1	1	9	3	198	259380	66	86460	0.188188	0.323983	0.0569988	1.1418	1310	0	1310	1310	
3.2	3.3	1	2	11	3	198	259380	0	0	0	0	0	0	0	0	0	0	
3.2	3.3	1	3	5	3	198	259380	74	96940	1.36435	0.13784	1.2945	1.77033	1310	0	1310	1310	
3.2	3.3	1	4	4	3	198	259380	61	79910	0.483746	0.0132772	0.466578	0.510828	1310	0	1310	1310	
3.2	3.3	1	5	12	3	198	259380	162	212220	0.451452	0.604946	0.000987242	1.27999	1310	0	1310	1310	
3.2	3.3	1	6	10	3	198	259380	76	99560	0.729967	0.0177173	0.704493	0.784254	1310	0	1310	1310	
3.2	3.3	1	7	3	3	198	259380	65	85150	0.0527616	0.0133074	0.0294923	0.0769923	1310	0	1310	1310	
3.2	3.3	1	8	7	3	198	259380	58	75980	1.48774	0.0194781	1.45699	1.51849	1310	0	1310	1310	
3.2	3.3	1	9	1	3	198	259380	57	74670	0.19892	0.0148962	0.17549	0.22599	1310	0	1310	1310	
3.2	3.3	1	10	6	3	198	259380	64	83840	1.12309	0.00580789	1.10949	1.13599	1310	0	1310	1310	
3.2	3.3	1	11	2	3	198	259380	119	155890	1.6655	0.371812	1.26499	2.04441	1310	0	1310	1310	
3.2	3.3	1	12	8	3	198	259380	57	74670	1.01729	0.0471273	0.946487	1.11999	1310	0	1310	1310	
3.3	3.4	1	1	9	3	198	259380	70	91700	0.205769	0.301449	0.0934988	1.21483	1310	0	1310	1310	
3.3	3.4	1	2	11	3	198	259380	0	0	0	0	0	0	0	0	0	0	
3.3	3.4	1	3	5	3	198	259380	117	153270	1.59288	0.243152	1.327	1.85733	1310	0	1310	1310	
3.3	3.4	1	4	4	3	198	259380	3	3930	0.531494	0.0319231	0.511828	0.568328	1310	0	1310	1310	
3.3	3.4	1	5	12	3	198	259380	144	188640	0.516065	0.638297	0.000987242	1.32049	1310	0	1310	1310	
3.3	3.4	1	6	10	3	198	259380	89	116590	0.780053	0.0316039	0.740493	0.863433	1310	0	1310	1310	
3.3	3.4	1	7	3	3	198	259380	58	75980	0.0975441	0.0113438	0.0754923	0.116492	1310	0	1310	1310	
3.3	3.4	1	8	7	3	231	302610	64	83840	1.55924	0.0217562	1.52399	1.59449	1310	0	1310	1310	
3.3	3.4	1	9	1	3	198	259380	58	75980	0.262033	0.019748	0.23099	0.29299	1310	0	1310	1310	
3.3	3.4	1	10	6	3	198	259380	58	75980	1.13649	0.0107773	1.11899	1.15499	1310	0	1310	1310	
3.3	3.4	1	11	2	3	198	259380	136	178160	1.74996	0.359143	1.30649	2.06525	1310	0	1310	1310	
3.3	3.4	1	12	8	3	198	259380	65	85150	0.942948	0.00853728	0.920487	0.957487	1310	0	1310	1310	
3.4	3.5	1	1	9	3	198	259380	59	77290	0.170469	0.149159	0.134499	1.29476	1310	0	1310	1310	
3.4	3.5	1	2	11	3	2629	3443990	54	70740	0.549118	0.671951	0.00349773	1.3915	1310	0	1310	1310	
3.4	3.5	1	3	5	3	198	259380	82	107420	1.51511	0.203316	1.367	1.87122	1310	0	1310	1310	
3.4	3.5	1	4	4	3	198	259380	21	27510	0.632637	0.00538801	0.622578	0.642328	1310	0	1310	1310	
3.4	3.5	1	5	12	3	198	259380	170	222700	0.513527	0.653088	0.0010051	1.35949	1310	0	1310	1310	
3.4	3.5	1	6	10	3	198	259380	82	107420	0.828673	0.0476922	0.784493	0.937825	1310	0	1310	1310	
3.4	3.5	1	7	3	3	198	259380	57	74670	0.128019	0.0115768	0.108992	0.146992	1310	0	1310	1310	
3.4	3.5	1	8	7	3	198	259380	58	75980	1.63053	0.019748	1.59949	1.66149	1310	0	1310	1310	
3.4	3.5	1	9	1	3	198	259380	64	83840	0.333553	0.0217926	0.29849	0.36899	1310	0	1310	1310	
3.4	3.5	1	10	6	3	198	259380	57	74670	1.18007	0.0136502	1.15749	1.20399	1310	0	1310	1310	
3.4	3.5	1	11	2	3	198	259380	128	167680	1.72108	0.354582	1.35349	2.1005	1310	0	1310	1310	
3.4	3.5	1	12	8	3	198	259380	57	74670	0.913268	0.00956324	0.895987	0.929487	1310	0	1310	1310	
3.5	3.6	1	1	9	3	198	259380	58	75980	0.211167	0.148899	0.169499	1.32228	1310	0	1310	1310	
3.5	3.6	1	2	11	3	1650	2161500	53	69430	1.1164	0.472647	0.00349773	1.381	1310	0	1310	1310	
3.5	3.6	1	3	5	3	198	259380	65	85150	1.43142	0.0576003	1.4005	1.87579	1310	0	1310	1310	
3.5	3.6	1	4	4	3	198	259380	532	696920	0.475451	0.121197	0.263828	0.695328	1310	0	1310	1310	
3.5	3.6	1	5	12	3	198	259380	157	205670	0.500598	0.663544	0.0010051	1.39699	1310	0	1310	1310	
3.5	3.6	1	6	10	3	198	259380	76	99560	0.877757	0.0638424	0.819493	1.01172	1310	0	1310	1310	
3.5	3.6	1	7	3	3	198	259380	65	85150	0.171723	0.0150779	0.145992	0.197492	1310	0	1310	1310	
3.5	3.6	1	8	7	3	5189	6797590	52	68120	0.689078	0.821074	0.00449125	1.68699	1310	0	1310	1310	
3.5	3.6	1	9	1	3	198	259380	58	75980	0.404826	0.0195653	0.37399	0.43599	1310	0	1310	1310	
3.5	3.6	1	10	6	3	198	259380	65	85150	1.22614	0.0129125	1.20399	1.24749	1310	0	1310	1310	
3.5	3.6	1	11	2	3	198	259380	158	206980	1.84825	0.325138	1.39299	2.10421	1310	0	1310	1310	
3.5	3.6	1	12	8	3	198	259380	58	75980	0.903116	0.00712026	0.888987	0.918987	1310	0	1310	1310	
3.6	3.7	1	1	9	3	198	259380	66	86460	0.249204	0.157931	0.208999	1.51001	1310	0	1310	1310	
3.6	3.7	1	2	11	3	1266	1658460	55	72050	0.661434	0.616512	0.00399773	1.2665	1310	0	1310	1310	
3.6	3.7	1	3	5	3	198	259380	61	79910	1.49358	0.122245	1.4495	2.04458	1310	0	1310	1310	
3.6	3.7	1	4	4	3	198	259380	46	60260	0.268855	0.0167896	0.250078	0.306828	1310	0	1310	1310	
3.6	3.7	1	5	12	3	198	259380	155	203050	0.531949	0.688805	0.000987242	1.44099	1310	0	1310	1310	
3.6	3.7	1	6	10	3	198	259380	101	132310	0.937767	0.0809388	0.855993	1.07118	1310	0	1310	1310	
3.6	3.7	1	7	3	3	198	259380	57	74670	0.206755	0.00935801	0.190992	0.225492	1310	0	1310	1310	
3.6	3.7	1	8	7	3	198	259380	65	85150	1.01591	0.880269	0.0314913	1.81099	1310	0	1310	1310	
3.6	3.7	1	9	1	3	198	259380	57	74670	0.472385	0.0193004	0.44149	0.50349	1310	0	1310	1310	
3.6	3.7	1	10	6	3	198	259380	57	74670	1.26401	0.0109402	1.24499	1.28399	1310	0	1310	1310	
3.6	3.7	1	11	2	3	198	259380	152	199120	1.84809	0.302162	1.44149	2.09996	1310	0	1310	1310	
3.6	3.7	1	12	8	3	198	259380	65	85150	0.941687	0.0116919	0.921987	0.961987	1310	0	1310	1310	
3.7	3.8	1	1	9	3	198	259380	57	74670	0.26592	0.00898152	0.249499	0.282499	1310	0	1310	1310	
3.7	3.8	1	2	11	3	741	970710	60	78600	0.850648	0.470095	0.00349773	1.2595	1310	0	1310	1310	
3.7	3.8	1	3	5	3	198	259380	58	75980	1.51521	0.0790475	1.488	2.10208	1310	0	1310	1310	
3.7	3.8	1	4	4	3	198	259380	102	133620	0.314085	0.00384564	0.305078	0.320078	1310	0	1310	1310	
3.7	3.8	1	5	12	3	198	259380	168	220080	0.559912	0.714411	0.000987242	1.49549	1310	0	1310	1310	
3.7	3.8	1	6	10	3	198	259380	75	98250	0.969549	0.0850489	0.898493	1.14447	1310	0	1310	1310	
3.7	3.8	1	7	3	3	3142	4116020	55	72050	0.220501	0.0690578	0.00449233	0.259992	1310	0	1310	1310	
3.7	3.8	1	8	7	3	198	259380	57	74670	1.8004	0.216935	0.193991	1.85249	1310	0	1310	1310	
3.7	3.8	1	9	1	3	198	259380	65	85150	0.543621	0.0220918	0.50849	0.57899	1310	0	1310	1310	
3.7	3.8	1	10	6	3	2270	2973700	7	9170	1.29649	0.00187083	1.29399	1.29899	1310	0	1310	1310	
3.7	3.8	1	11	2	3	198	259380	162	212220	1.85737	0.287873	1.48249	2.10271	1310	0	1310	1310	
3.7	3.8	1	12	8	3	198	259380	57	74670	0.97582	0.0124181	0.955487	0.997487	1310	0	1310	1310	
3.8	3.9	1	1	9	3	198	259380	61	79910	0.367066	0.300124	0.278999	1.69201	1310	0	1310	1310	
3.8	3.9	1	2	11	3	547	716570	57	74670	0.0353749	0.0108752	0.0149977	0.0524977	1310	0	1310	1310	
3.8	3.9	1	3	5	3	198	259380	75	98250	1.64332	0.243248	1.523	2.26033	1310	0	1310	1310	
3.8	3.9	1	4	4	3	198	259380	67	87770	0.325134	0.0114046	0.305578	0.346578	1310	0	1310	1310	
3.8	3.9	1	5	12	3	198	259380	155	203050	0.56893	0.736068	0.000987242	1.53949	1310	0	1310	1310	
3.8	3.9	1	6	10	3	198	259380	66	86460	0.998086	0.0809404	0.945993	1.2365	1310	0	1310	1310	
3.8	3.9	1	7	3	3	1086	1422660	64	83840	0.166883	0.149478	0.0104923	0.332992	1310	0	1310	1310	
3.8	3.9	1	8	7	3	198	259380	58	75980	1.87048	0.0122591	1.84949	1.89149	1310	0	1310	1310	
3.8	3.9	1	9	1	3	198	259380	57	74670	0.615174	0.0193922	0.58449	0.64649	1310	0	1310	1310	
3.8	3.9	1	10	6	3	198	259380	1	1310	1.41732	0	1.41732	1.41732	1310	0	1310	1310	
3.8	3.9	1	11	2	3	198	259380	180	235800	1.89333	0.245037	1.51699	2.09346	1310	0	1310	1310	
3.8	3.9	1	12	8	3	198	259380	57	74670	1.01398	0.0071642	0.998487	1.02649	1310	0	1310	1310	
3.9	4	1	1	9	3	198	259380	539	706090	1.62658	0.756991	0.315499	2.89108	1310	0	1310	1310	
3.9	4	1	2	11	3	198	259380	133	174230	0.361639	0.419462	0.00116905	1.078	1310	0	1310	1310	
3.9	4	1	3	5	3	198	259380	64	83840	1.66901	0.211943	1.574	2.30083	1310	0	1310	1310	
3.9	4	1	4	4	3	198	259380	60	78600	0.366698	0.00950329	0.346578	0.378328	1310	0	1310	1310	
3.9	4	1	5	12	3	198	259380	153	200430	0.581979	0.756097	0.000987242	1.58049	1310	0	1310	1310	
3.9	4	1	6	10	3	198	259380	69	90390	1.03433	0.0656848	0.989993	1.30165	1310	0	1310	1310	
3.9	4	1	7	3	3	198	259380	58	75980	0.293691	0.0142462	0.272492	0.322492	1310	0	1310	1310	
3.9	4	1	8	7	3	198	259380	64	83840	1.90919	0.0107695	1.89199	1.93099	1310	0	1310	1310	
3.9	4	1	9	1	3	198	259380	58	75980	0.682326	0.0195653	0.65149	0.71349	1310	0	1310	1310	
3.9	4	1	10	6	3	198	259380	50	65500	1.47383	0.0065844	1.45957	1.48507	1310	0	1310	1310	
3.9	4	1	11	2	3	198	259380	126	165060	1.84337	0.245664	1.55649	2.09157	1310	0	1310	1310	
3.9	4	1	12	8	3	198	259380	65	85150	1.0414	0.011221	1.02349	1.06349	1310	0	1310	1310	
4	4.1	1	1	9	3	198	259380	124	162440	1.60177	1.13193	0.356999	2.67433	1310	0	1310	1310	
4	4.1	1	2	11	3	200	262000	111	145410	0.320389	0.259216	0.00175834	0.606998	1310	0	1310	1310	
4	4.1	1	3	5	3	198	259380	86	112660	1.8857	0.362507	1.6135	2.41701	1310	0	1310	1310	
4	4.1	1	4	4	3	198	259380	60	78600	0.379071	0.00569507	0.371078	0.398828	1310	0	1310	1310	
4	4.1	1	5	12	3	198	259380	158	206980	0.660703	0.791283	0.000987242	1.62749	1310	0	1310	1310	
4	4.1	1	6	10	3	198	259380	84	110040	1.15316	0.145861	1.03749	1.38833	1310	0	1310	1310	
4	4.1	1	7	3	3	203	265930	57	74670	1.87949	0.604699	0.277492	2.15999	1310	0	1310	1310	
4	4.1	1	8	7	3	198	259380	129	168990	0.877121	0.972709	0.00116257	1.97049	1310	0	1310	1310	
4	4.1	1	9	1	3	198	259380	65	85150	0.754544	0.0219815	0.71899	0.78949	1310	0	1310	1310	
4	4.1	1	10	6	3	1515	1984650	1	1310	1.45957	0	1.45957	1.45957	1310	0	1310	1310	
4	4.1	1	11	2	3	198	259380	155	203050	1.89158	0.233073	1.59799	2.09996	1310	0	1310	1310	
4	4.1	1	12	8	3	198	259380	58	75980	1.08014	0.0111242	1.05949	1.10049	1310	0	1310	1310	
4.1	4.2	1	1	9	3	198	259380	60	78600	0.536578	0.486747	0.402999	2.65758	1310	0	1310	1310	
4.1	4.2	1	2	11	3	259	339290	61	79910	0.505763	0.106515	0.0409726	0.539498	1310	0	1310	1310	
4.1	4.2	1	3	5	3	198	259380	65	85150	1.68348	0.094104	1.654	2.42583	1310	0	1310	1310	
4.1	4.2	1	4	4	3	198	259380	54	70740	0.438318	0.0109498	0.421828	0.455078	1310	0	1310	1310	
4.1	4.2	1	5	12	3	198	259380	153	200430	0.615255	0.799626	0.000987242	1.67199	1310	0	1310	1310	
4.1	4.2	1	6	10	3	198	259380	120	157200	1.26236	0.155702	1.07599	1.42758	1310	0	1310	1310	
4.1	4.2	1	7	3	3	1667	2183770	65	85150	1.75862	0.613492	0.00499233	2.02699	1310	0	1310	1310	
4.1	4.2	1	8	7	3	202	264620	63	82530	1.80272	0.587145	0.00507329	2.01199	1310	0	1310	1310	
4.1	4.2	1	9	1	3	198	259380	57	74670	0.825806	0.0193922	0.79449	0.85649	1310	0	1310	1310	
4.1	4.2	1	10	6	3	198	259380	1	1310	0.164821	0	0.164821	0.164821	1310	0	1310	1310	
4.1	4.2	1	11	2	3	198	259380	235	307850	1.94222	0.16309	1.64049	2.08482	1310	0	1310	1310	
4.1	4.2	1	12	8	3	198	259380	57	74670	1.11169	0.0123092	1.09199	1.13249	1310	0	1310	1310	
4.2	4.3	1	1	9	3	198	259380	137	179470	1.64698	1.11957	0.452499	2.73908	1310	0	1310	1310	
4.2	4.3	1	2	11	3	198	259380	57	74670	0.541366	0.00985408	0.522998	0.557998	1310	0	1310	1310	
4.2	4.3	1	3	5	3	198	259380	63	82530	1.77578	0.224504	1.691	2.53458	1310	0	1310	1310	
4.2	4.3	1	4	4	3	198	259380	52	68120	0.497135	0.0164634	0.457328	0.512328	1310	0	1310	1310	
4.2	4.3	1	5	12	3	198	259380	151	197810	0.652132	0.826277	0.000987242	1.71499	1310	0	1310	1310	
4.2	4.3	1	6	10	3	198	259380	358	468980	1.28125	0.0905768	1.12349	1.42379	1310	0	1310	1310	
4.2	4.3	1	7	3	3	926	1213060	57	74670	1.4721	0.646351	0.00749233	1.94399	1310	0	1310	1310	
4.2	4.3	1	8	7	3	198	259380	65	85150	2.03556	0.0140981	2.01099	2.05749	1310	0	1310	1310	
4.2	4.3	1	9	1	3	198	259380	57	74670	0.892674	0.0193922	0.86199	0.92399	1310	0	1310	1310	
4.2	4.3	1	10	6	3	2283	2990730	11	14410	0.00953455	0.00385652	0.00348909	0.0149891	1310	0	1310	1310	
4.2	4.3	1	11	2	3	198	259380	115	150650	1.84051	0.139832	1.68049	2.00421	1310	0	1310	1310	
4.2	4.3	1	12	8	3	198	259380	65	85150	1.17336	0.0220918	1.13799	1.20849	1310	0	1310	1310	
4.3	4.4	1	1	9	3	198	259380	128	167680	1.66934	1.07088	0.486499	2.67158	1310	0	1310	1310	
4.3	4.4	1	2	11	3	198	259380	65	85150	0.579859	0.0131522	0.554998	0.601498	1310	0	1310	1310	
4.3	4.4	1	3	5	3	198	259380	71	93010	1.92368	0.369375	1.724	2.68258	1310	0	1310	1310	
4.3	4.4	1	4	4	3	198	259380	183	239491	0.596242	0.22979	0.470578	2.9645	1308.69	17.6674	1071	1310	
4.3	4.4	1	5	12	3	198	259380	154	201740	0.735576	0.861948	0.0010051	1.76649	1310	0	1310	1310	
4.3	4.4	1	6	10	3	198	259380	242	317020	1.15173	0.0372332	1.08397	1.20649	1310	0	1310	1310	
4.3	4.4	1	7	3	3	1157	1515670	51	66810	1.04409	0.699079	0.00349233	1.59549	1310	0	1310	1310	
4.3	4.4	1	8	7	3	198	259380	57	74670	2.07569	0.00966948	2.05949	2.09249	1310	0	1310	1310	
4.3	4.4	1	9	1	3	198	259380	65	85150	0.963936	0.0219815	0.92899	0.99949	1310	0	1310	1310	
4.3	4.4	1	10	6	3	1237	1620470	57	74670	0.0316119	0.0114238	0.0129891	0.0539891	1310	0	1310	1310	
4.3	4.4	1	11	2	3	198	259380	91	119210	1.8273	0.13797	1.72249	2.08721	1310	0	1310	1310	
4.3	4.4	1	12	8	3	198	259380	57	74670	1.24459	0.0193004	1.21349	1.27549	1310	0	1310	1310	
4.4	4.5	1	1	9	3	198	259380	68	89080	0.873788	0.782567	0.516499	2.68133	1310	0	1310	1310	
4.4	4.5	1	2	11	3	198	259380	57	74670	0.62105	0.01358	0.598998	0.644998	1310	0	1310	1310	
4.4	4.5	1	3	5	3	198	259380	100	131000	2.11228	0.462277	1.7535	2.76104	1310	0	1310	1310	
4.4	4.5	1	4	4	3	198	259380	212	277720	0.574001	0.190628	0.425578	0.888496	1310	0	1310	1310	
4.4	4.5	1	5	12	3	198	259380	166	217460	0.61518	0.850724	0.00102296	1.80949	1310	0	1310	1310	
4.4	4.5	1	6	10	3	198	259380	238	311780	1.08891	0.0830522	1.00322	1.25049	1310	0	1310	1310	
4.4	4.5	1	7	3	3	198	259380	66	86460	0.0679368	0.18783	0.0224923	1.56682	1310	0	1310	1310	
4.4	4.5	1	8	7	3	290	379900	58	75980	2.109	0.0110598	2.08849	2.12899	1310	0	1310	1310	
4.4	4.5	1	9	1	3	198	259380	58	75980	1.03615	0.0195653	1.00499	1.06699	1310	0	1310	1310	
4.4	4.5	1	10	6	3	1937	2537470	62	81220	0.759352	0.855228	0.00398909	1.83099	1310	0	1310	1310	
4.4	4.5	1	11	2	3	198	259380	96	125760	1.92236	0.167133	1.76049	2.15232	1310	0	1310	1310	
4.4	4.5	1	12	8	3	198	259380	58	75980	1.31215	0.0195653	1.28099	1.34299	1310	0	1310	1310	
4.5	4.6	1	1	9	3	198	259380	68	89080	0.66583	0.445037	0.548499	2.74183	1310	0	1310	1310	
4.5	4.6	1	2	11	3	198	259380	58	75980	0.681248	0.0194781	0.650498	0.711998	1310	0	1310	1310	
4.5	4.6	1	3	5	3	198	259380	146	191260	2.3969	0.464673	1.7985	2.77058	1310	0	1310	1310	
4.5	4.6	1	4	4	3	198	259380	179	234490	0.571795	0.232155	0.404828	0.924996	1310	0	1310	1310	
4.5	4.6	1	5	12	3	198	259380	168	220080	0.630406	0.868824	0.0011301	1.84449	1310	0	1310	1310	
4.5	4.6	1	6	10	3	198	259380	216	282960	1.0646	0.136169	0.948575	1.29549	1310	0	1310	1310	
4.5	4.6	1	7	3	3	198	259380	57	74670	0.0879134	0.012111	0.0674923	0.108492	1310	0	1310	1310	
4.5	4.6	1	8	7	3	198	259380	65	85150	2.15161	0.0132953	2.12899	2.17399	1310	0	1310	1310	
4.5	4.6	1	9	1	3	3552	4653120	57	74670	0.964894	0.362545	0.00349017	1.12549	1310	0	1310	1310	
4.5	4.6	1	10	6	3	198	259380	58	75980	1.64722	0.0356552	1.57599	1.70099	1310	0	1310	1310	
4.5	4.6	1	11	2	3	198	259380	90	117900	1.9511	0.174481	1.80399	2.22046	1310	0	1310	1310	
4.5	4.6	1	12	8	3	198	259380	64	83840	1.38342	0.0217926	1.34799	1.41849	1310	0	1310	1310	
4.6	4.7	1	1	9	3	198	259380	84	110040	1.32338	1.03513	0.594499	2.85058	1310	0	1310	1310	
4.6	4.7	1	2	11	3	234	306540	64	83840	0.752748	0.0217562	0.717498	0.787998	1310	0	1310	1310	
4.6	4.7	1	3	5	3	198	259380	128	167680	2.35316	0.466646	1.832	2.78747	1310	0	1310	1310	
4.6	4.7	1	4	4	3	198	259380	271	355010	0.474404	0.246541	0.294578	0.969496	1310	0	1310	1310	
4.6	4.7	1	5	12	3	198	259380	182	238420	0.654528	0.88932	0.0011301	1.87949	1310	0	1310	1310	
4.6	4.7	1	6	10	3	198	259380	249	326190	0.997275	0.17704	0.850718	1.33149	1310	0	1310	1310	
4.6	4.7	1	7	3	3	198	259380	57	74670	0.131141	0.0121078	0.108492	0.149992	1310	0	1310	1310	
4.6	4.7	1	8	7	3	198	259380	57	74670	2.19482	0.0109742	2.17449	2.21399	1310	0	1310	1310	
4.6	4.7	1	9	1	3	198	259380	64	83840	1.03923	0.362564	0.0114902	1.17949	1310	0	1310	1310	
4.6	4.7	1	10	6	3	198	259380	57	74670	1.49477	0.0454705	1.42499	1.58649	1310	0	1310	1310	
4.6	4.7	1	11	2	3	198	259380	105	137550	2.02061	0.187792	1.84199	2.27257	1310	0	1310	1310	
4.6	4.7	1	12	8	3	198	259380	58	75980	1.45494	0.019748	1.42399	1.48599	1310	0	1310	1310	
4.7	4.8	1	1	9	3	198	259380	77	100870	1.20442	0.973304	0.632499	2.92033	1310	0	1310	1310	
4.7	4.8	1	2	11	3	198	259380	58	75980	0.812575	0.0123572	0.789498	0.832498	1310	0	1310	1310	
4.7	4.8	1	3	5	3	198	259380	70	91700	1.95812	0.266242	1.856	2.84931	1310	0	1310	1310	
4.7	4.8	1	4	4	3	198	259380	263	344530	0.420424	0.322732	0.187578	1.0015	1310	0	1310	1310	
4.7	4.8	1	5	12	3	198	259380	157	205670	0.702134	0.918584	0.000987242	1.91749	1310	0	1310	1310	
4.7	4.8	1	6	10	3	198	259380	406	531860	0.823994	0.225685	0.601825	1.37649	1310	0	1310	1310	
4.7	4.8	1	7	3	3	1018	1333580	65	85150	0.167123	0.0102242	0.147992	0.187992	1310	0	1310	1310	
4.7	4.8	1	8	7	3	198	259380	57	74670	2.20432	0.0109351	2.18199	2.22249	1310	0	1310	1310	
4.7	4.8	1	9	1	3	198	259380	58	75980	1.19777	0.0123644	1.17699	1.21899	1310	0	1310	1310	
4.7	4.8	1	10	6	3	235	307850	65	85150	1.33927	0.0411291	1.28399	1.43299	1310	0	1310	1310	
4.7	4.8	1	11	2	3	198	259380	63	82530	1.94879	0.119043	1.89699	2.36732	1310	0	1310	1310	
4.7	4.8	1	12	8	3	198	259380	57	74670	1.52209	0.0193004	1.49099	1.55299	1310	0	1310	1310	
4.8	4.9	1	1	9	3	198	259380	131	171610	1.81383	1.11029	0.664499	2.93058	1310	0	1310	1310	
4.8	4.9	1	2	11	3	198	259380	57	74670	0.85555	0.0136171	0.835498	0.880498	1310	0	1310	1310	
4.8	4.9	1	3	5	3	198	259380	59	77290	1.93899	0.136516	1.899	2.96583	1310	0	1310	1310	
4.8	4.9	1	4	4	3	198	259380	206	269860	0.402351	0.384133	0.141328	1.0375	1310	0	1310	1310	
4.8	4.9	1	5	12	3	198	259380	144	188640	0.766727	0.948772	0.00102296	1.95599	1310	0	1310	1310	
4.8	4.9	1	6	10	3	198	259380	301	394310	0.718343	0.35909	0.453325	1.42099	1310	0	1310	1310	
4.8	4.9	1	7	3	3	198	259380	58	75980	0.204613	0.0128019	0.182992	0.226992	1310	0	1310	1310	
4.8	4.9	1	8	7	3	198	259380	65	85150	2.22015	0.0109588	2.19999	2.24149	1310	0	1310	1310	
4.8	4.9	1	9	1	3	198	259380	57	74670	1.23751	0.0124989	1.21499	1.25949	1310	0	1310	1310	
4.8	4.9	1	10	6	3	198	259380	107	140170	0.65155	0.596255	0.00180327	1.28699	1310	0	1310	1310	
4.8	4.9	1	11	2	3	198	259380	66	86460	2.00602	0.14343	1.93049	2.36607	1310	0	1310	1310	
4.8	4.9	1	12	8	3	198	259380	65	85150	1.59367	0.0218424	1.55849	1.62849	1310	0	1310	1310	
4.9	5	1	1	9	3	198	259380	145	189950	1.99798	1.03891	0.710499	2.87958	1310	0	1310	1310	
4.9	5	1	2	11	3	198	259380	145	189950	0.407367	0.451844	0.0011512	0.929998	1310	0	1310	1310	
4.9	5	1	3	5	3	198	259380	57	74670	1.95642	0.00695123	1.943	1.9705	1310	0	1310	1310	
4.9	5	1	4	4	3	198	259380	251	328810	0.325644	0.405241	0.0618276	1.0815	1310	0	1310	1310	
4.9	5	1	5	12	3	198	259380	176	230560	0.730518	0.955736	0.00102296	1.99649	1310	0	1310	1310	
4.9	5	1	6	10	3	198	259380	264	345840	0.611966	0.433612	0.329825	1.45349	1310	0	1310	1310	
4.9	5	1	7	3	3	198	259380	57	74670	0.245519	0.0118892	0.224992	0.267492	1310	0	1310	1310	
4.9	5	1	8	7	3	198	259380	58	75980	2.2572	0.0123427	2.23649	2.27799	1310	0	1310	1310	
4.9	5	1	9	1	3	198	259380	65	85150	1.28144	0.0116722	1.25849	1.29899	1310	0	1310	1310	
4.9	5	1	10	6	3	235	307850	60	78600	1.03968	0.19239	0.0345711	1.14099	1310	0	1310	1310	
4.9	5	1	11	2	3	198	259380	65	85150	1.99189	0.0108319	1.97249	2.01199	1310	0	1310	1310	
4.9	5	1	12	8	3	198	259380	57	74670	1.66509	0.0193004	1.63399	1.69599	1310	0	1310	1310	
5	5.1	1	1	9	3	198	259380	126	165060	1.87273	1.00272	0.749999	2.80308	1310	0	1310	1310	
5	5.1	1	2	11	3	198	259380	59	77290	0.921704	0.174201	0.00157977	0.972998	1310	0	1310	1310	
5	5.1	1	3	5	3	198	259380	153	200430	2.62066	0.542267	1.9705	3.09581	1310	0	1310	1310	
5	5.1	1	4	4	3	198	259380	210	275100	0.349897	0.500603	0.00123832	1.1255	1310	0	1310	1310	
5	5.1	1	5	12	3	198	259380	147	192570	0.783525	0.986271	0.00105867	2.04149	1310	0	1310	1310	
5	5.1	1	6	10	3	198	259380	370	484700	0.424007	0.45562	0.136325	1.49349	1310	0	1310	1310	
5	5.1	1	7	3	3	198	259380	65	85150	1.53338	0.757391	0.267492	2.11849	1310	0	1310	1310	
5	5.1	1	8	7	3	198	259380	57	74670	2.30239	0.0122228	2.28049	2.32249	1310	0	1310	1310	
5	5.1	1	9	1	3	198	259380	57	74670	1.31408	0.0111468	1.29399	1.33399	1310	0	1310	1310	
5	5.1	1	10	6	3	198	259380	65	85150	0.922266	0.0600405	0.838489	1.07949	1310	0	1310	1310	
5	5.1	1	11	2	3	198	259380	61	79910	2.07132	0.142476	2.01149	2.64046	1310	0	1310	1310	
5	5.1	1	12	8	3	198	259380	58	75980	1.73244	0.019748	1.70149	1.76349	1310	0	1310	1310	
5.1	5.2	1	1	9	3	198	259380	73	95630	1.02343	0.616267	0.791999	2.76972	1310	0	1310	1310	
5.1	5.2	1	2	11	3	198	259380	58	75980	1.04463	0.0339157	0.972498	1.078	1310	0	1310	1310	
5.1	5.2	1	3	5	3	198	259380	69	90390	2.21326	0.403235	2.0125	3.08981	1310	0	1310	1310	
5.1	5.2	1	4	4	3	198	259380	166	217460	0.401838	0.546546	0.00123832	1.1655	1310	0	1310	1310	
5.1	5.2	1	5	12	3	198	259380	163	213530	0.734725	0.989037	0.00102296	2.07949	1310	0	1310	1310	
5.1	5.2	1	6	10	3	198	259380	282	369420	0.393203	0.610704	0.00118259	1.53899	1310	0	1310	1310	
5.1	5.2	1	7	3	3	1698	2224380	292	382520	1.00172	0.320119	0.372824	1.84299	1310	0	1310	1310	
5.1	5.2	1	8	7	3	198	259380	65	85150	2.34228	0.0121459	2.32149	2.36499	1310	0	1310	1310	
5.1	5.2	1	9	1	3	198	259380	58	75980	1.35445	0.0118304	1.33349	1.37449	1310	0	1310	1310	
5.1	5.2	1	10	6	3	198	259380	57	74670	1.00152	0.0299262	0.942489	1.07649	1310	0	1310	1310	
5.1	5.2	1	11	2	3	198	259380	58	75980	2.07794	0.0123882	2.05749	2.10049	1310	0	1310	1310	
5.1	5.2	1	12	8	3	198	259380	64	83840	1.80374	0.0217562	1.76849	1.83899	1310	0	1310	1310	
5.2	5.3	1	1	9	3	198	259380	165	216150	2.12073	0.928006	0.823999	2.85158	1310	0	1310	1310	
5.2	5.3	1	2	11	3	198	259380	64	83840	1.10665	0.0203109	1.0755	1.141	1310	0	1310	1310	
5.2	5.3	1	3	5	3	198	259380	333	436230	2.9215	0.399692	2.0425	3.21008	1310	0	1310	1310	
5.2	5.3	1	4	4	3	198	259380	155	203050	0.436347	0.570736	0.00123832	1.203	1310	0	1310	1310	
5.2	5.3	1	5	12	3	198	259380	171	224010	0.787661	1.01996	0.0010051	2.12399	1310	0	1310	1310	
5.2	5.3	1	6	10	3	198	259380	160	209600	0.564823	0.748919	0.000986162	1.57649	1310	0	1310	1310	
5.2	5.3	1	7	3	3	734	961540	10	13100	0.61774	0.00337827	0.613574	0.622574	1310	0	1310	1310	
5.2	5.3	1	8	7	3	198	259380	57	74670	2.38539	0.0107258	2.36399	2.40449	1310	0	1310	1310	
5.2	5.3	1	9	1	3	198	259380	64	83840	1.3914	0.0117935	1.37349	1.41449	1310	0	1310	1310	
5.2	5.3	1	10	6	3	198	259380	57	74670	0.930998	0.00937583	0.910489	0.951989	1310	0	1310	1310	
5.2	5.3	1	11	2	3	198	259380	64	83840	2.12433	0.0130429	2.10199	2.14899	1310	0	1310	1310	
5.2	5.3	1	12	8	3	198	259380	58	75980	1.87524	0.0194781	1.84449	1.90599	1310	0	1310	1310	
5.3	5.4	1	1	9	3	198	259380	324	424440	2.23148	0.634984	0.868999	2.71133	1310	0	1310	1310	
5.3	5.4	1	2	11	3	198	259380	58	75980	1.17683	0.0195653	1.146	1.208	1310	0	1310	1310	
5.3	5.4	1	3	5	3	198	259380	259	339290	2.72317	0.361367	2.0775	2.99083	1310	0	1310	1310	
5.3	5.4	1	4	4	3	198	259380	165	216150	0.483568	0.600352	0.000988322	1.2425	1310	0	1310	1310	
5.3	5.4	1	5	12	3	198	259380	159	208290	0.782354	1.03092	0.00102296	2.15849	1310	0	1310	1310	
5.3	5.4	1	6	10	3	198	259380	156	204360	0.583819	0.768078	0.00116473	1.61649	1310	0	1310	1310	
5.3	5.4	1	7	3	3	198	259380	78	102180	0.00186329	0.000646907	0.00123508	0.00357437	1310	0	1310	1310	
5.3	5.4	1	8	7	3	198	259380	58	75980	2.42332	0.0128724	2.40049	2.44549	1310	0	1310	1310	
5.3	5.4	1	9	1	3	198	259380	58	75980	1.43191	0.00940315	1.41399	1.44799	1310	0	1310	1310	
5.3	5.4	1	10	6	3	203	265930	65	85150	0.947128	0.0132345	0.924489	0.970989	1310	0	1310	1310	
5.3	5.4	1	11	2	3	198	259380	58	75980	2.17022	0.0138454	2.14849	2.19249	1310	0	1310	1310	
5.3	5.4	1	12	8	3	198	259380	57	74670	1.94238	0.0193004	1.91149	1.97349	1310	0	1310	1310	
5.4	5.5	1	1	9	3	198	259380	336	440160	2.08195	0.563601	0.902999	2.49583	1310	0	1310	1310	
5.4	5.5	1	2	11	3	198	259380	58	75980	1.23004	0.11095	0.41208	1.2755	1310	0	1310	1310	
5.4	5.5	1	3	5	3	198	259380	164	214840	2.61786	0.35319	2.121	2.88708	1310	0	1310	1310	
5.4	5.5	1	4	4	3	198	259380	159	208290	0.453075	0.605307	0.000988322	1.2825	1310	0	1310	1310	
5.4	5.5	1	5	12	3	198	259380	157	205670	0.790057	1.04825	0.0010051	2.19099	1310	0	1310	1310	
5.4	5.5	1	6	10	3	198	259380	156	204360	0.684267	0.810597	0.00112902	1.65949	1310	0	1310	1310	
5.4	5.5	1	7	3	3	225	294750	4	5240	0.00165919	0.000225111	0.00132437	0.00180651	1310	0	1310	1310	
5.4	5.5	1	8	7	3	198	259380	65	85150	2.44052	0.200123	0.855663	2.48949	1310	0	1310	1310	
5.4	5.5	1	9	1	3	198	259380	57	74670	1.45812	0.00878743	1.44099	1.47449	1310	0	1310	1310	
5.4	5.5	1	10	6	3	198	259380	58	75980	1.00126	0.0187519	0.971489	1.03149	1310	0	1310	1310	
5.4	5.5	1	11	2	3	198	259380	57	74670	2.20556	0.00874665	2.18999	2.22199	1310	0	1310	1310	
5.4	5.5	1	12	8	3	198	259380	77	100870	1.70237	0.729853	0.00496183	2.04899	1310	0	1310	1310	
5.5	5.6	1	1	9	3	198	259380	264	345840	1.93436	0.511346	0.953499	2.25833	1310	0	1310	1310	
5.5	5.6	1	2	11	3	691	905210	65	85150	1.31563	0.0220918	1.2805	1.351	1310	0	1310	1310	
5.5	5.6	1	3	5	3	198	259380	171	224010	2.63377	0.333924	2.1495	2.88922	1310	0	1310	1310	
5.5	5.6	1	4	4	3	198	259380	159	208290	0.472453	0.623329	0.00123832	1.315	1310	0	1310	1310	
5.5	5.6	1	5	12	3	198	259380	168	220080	0.859108	1.08334	0.0010051	2.24399	1310	0	1310	1310	
5.5	5.6	1	6	10	3	198	259380	79	103490	1.21851	0.739607	0.00139688	1.69199	1310	0	1310	1310	
5.5	5.6	1	7	3	3	1164	1524840	6	7860	0.723076	0.00139344	0.721492	0.724992	1310	0	1310	1310	
5.5	5.6	1	8	7	3	198	259380	60	78600	2.45972	0.288845	0.906002	2.53799	1310	0	1310	1310	
5.5	5.6	1	9	1	3	198	259380	65	85150	1.49467	0.0109756	1.47299	1.51399	1310	0	1310	1310	
5.5	5.6	1	10	6	3	198	259380	57	74670	1.0678	0.0193922	1.03649	1.09849	1310	0	1310	1310	
5.5	5.6	1	11	2	3	198	259380	65	85150	2.24264	0.0131609	2.22099	2.26599	1310	0	1310	1310	
5.5	5.6	1	12	8	3	238	311780	58	75980	2.05009	0.269479	0.0382654	2.11649	1310	0	1310	1310	
5.6	5.7	1	1	9	3	198	259380	691	905210	1.82718	0.284514	0.991499	2.15758	1310	0	1310	1310	
5.6	5.7	1	2	11	3	198	259380	57	74670	1.38718	0.0193922	1.3565	1.4185	1310	0	1310	1310	
5.6	5.7	1	3	5	3	198	259380	115	150650	2.5033	0.338422	2.182	2.89483	1310	0	1310	1310	
5.6	5.7	1	4	4	3	198	259380	142	186020	0.615937	0.667781	0.00113118	1.364	1310	0	1310	1310	
5.6	5.7	1	5	12	3	198	259380	154	201740	0.838289	1.09543	0.0010051	2.28299	1310	0	1310	1310	
5.6	5.7	1	6	10	3	198	259380	82	107420	1.23918	0.731027	0.0735754	1.72299	1310	0	1310	1310	
5.6	5.7	1	7	3	3	198	259380	0	0	0	0	0	0	0	0	0	0	
5.6	5.7	1	8	7	3	198	259380	80	104800	2.10911	0.708393	0.969502	2.57649	1310	0	1310	1310	
5.6	5.7	1	9	1	3	198	259380	57	74670	1.53137	0.0129723	1.50899	1.55349	1310	0	1310	1310	
5.6	5.7	1	10	6	3	198	259380	65	85150	1.13936	0.0220918	1.10399	1.17449	1310	0	1310	1310	
5.6	5.7	1	11	2	3	198	259380	59	77290	2.31658	0.173017	2.26649	3.23496	1310	0	1310	1310	
5.6	5.7	1	12	8	3	198	259380	58	75980	2.15253	0.019748	2.12149	2.18349	1310	0	1310	1310	
5.7	5.8	1	1	9	3	198	259380	544	712640	1.3994	0.163792	1.035	1.63183	1310	0	1310	1310	
5.7	5.8	1	2	11	3	198	259380	58	75980	1.45433	0.0195653	1.4235	1.4855	1310	0	1310	1310	
5.7	5.8	1	3	5	3	198	259380	144	188640	2.64041	0.328121	2.224	2.92358	1310	0	1310	1310	
5.7	5.8	1	4	4	3	198	259380	160	209600	0.493267	0.659771	0.00116689	1.396	1310	0	1310	1310	
5.7	5.8	1	5	12	3	198	259380	158	206980	0.844131	1.1105	0.000987242	2.31749	1310	0	1310	1310	
5.7	5.8	1	6	10	3	198	259380	107	140170	1.13208	0.770062	0.152022	1.77349	1310	0	1310	1310	
5.7	5.8	1	7	3	3	198	259380	0	0	0	0	0	0	0	0	0	0	
5.7	5.8	1	8	7	3	198	259380	71	93010	2.47106	0.426901	1.04466	2.62399	1310	0	1310	1310	
5.7	5.8	1	9	1	3	198	259380	58	75980	1.57659	0.0141987	1.55449	1.59999	1310	0	1310	1310	
5.7	5.8	1	10	6	3	198	259380	57	74670	1.21059	0.0193004	1.17949	1.24149	1310	0	1310	1310	
5.7	5.8	1	11	2	3	198	259380	68	89080	2.46068	0.348856	2.30199	3.33146	1310	0	1310	1310	
5.7	5.8	1	12	8	3	198	259380	64	83840	2.22405	0.0217926	2.18899	2.25949	1310	0	1310	1310	
5.8	5.9	1	1	9	3	198	259380	463	606530	1.09915	0.0786554	0.956331	1.24983	1310	0	1310	1310	
5.8	5.9	1	2	11	3	3427	4489370	64	83840	1.02136	0.710101	0.00499773	1.536	1310	0	1310	1310	
5.8	5.9	1	3	5	3	198	259380	122	159820	2.63061	0.3297	2.2575	2.95422	1310	0	1310	1310	
5.8	5.9	1	4	4	3	198	259380	166	217460	0.48802	0.67428	0.00113118	1.438	1310	0	1310	1310	
5.8	5.9	1	5	12	3	198	259380	160	209600	0.935323	1.14758	0.000987242	2.35599	1310	0	1310	1310	
5.8	5.9	1	6	10	3	198	259380	78	102180	1.37572	0.687654	0.212575	1.81049	1310	0	1310	1310	
5.8	5.9	1	7	3	3	198	259380	0	0	0	0	0	0	0	0	0	0	
5.8	5.9	1	8	7	3	198	259380	57	74670	2.6377	0.0101897	2.62199	2.65799	1310	0	1310	1310	
5.8	5.9	1	9	1	3	198	259380	64	83840	1.61878	0.0115926	1.59699	1.64199	1310	0	1310	1310	
5.8	5.9	1	10	6	3	2631	3446610	17	22270	1.2018	0.30853	0.0072713	1.32041	1310	0	1310	1310	
5.8	5.9	1	11	2	3	198	259380	81	106110	2.56871	0.420579	2.32949	3.41616	1310	0	1310	1310	
5.8	5.9	1	12	8	3	198	259380	58	75980	2.29532	0.0195653	2.26449	2.32649	1310	0	1310	1310	
5.9	6	1	1	9	3	198	259380	513	672030	0.815164	0.145442	0.604331	1.1415	1310	0	1310	1310	
5.9	6	1	2	11	3	3360	4401600	52	68120	0.0224304	0.00803792	0.00349773	0.0354977	1310	0	1310	1310	
5.9	6	1	3	5	3	198	259380	119	155890	2.61964	0.320216	2.304	2.99019	1310	0	1310	1310	
5.9	6	1	4	4	3	198	259380	156	204360	0.610317	0.722024	0.00120261	1.4845	1310	0	1310	1310	
5.9	6	1	5	12	3	198	259380	162	212220	0.851837	1.14271	0.000987242	2.39699	1310	0	1310	1310	
5.9	6	1	6	10	3	198	259380	61	79910	1.75693	0.331168	0.290665	1.85399	1310	0	1310	1310	
5.9	6	1	7	3	3	198	259380	1	1310	1.12457	0	1.12457	1.12457	1310	0	1310	1310	
5.9	6	1	8	7	3	198	259380	58	75980	2.67482	0.0130712	2.65299	2.69699	1310	0	1310	1310	
5.9	6	1	9	1	3	198	259380	58	75980	1.66028	0.00971526	1.64149	1.67499	1310	0	1310	1310	
5.9	6	1	10	6	3	1494	1957140	0	0	0	0	0	0	0	0	0	0	
5.9	6	1	11	2	3	198	259380	83	108730	2.71705	0.485118	2.37999	3.48121	1310	0	1310	1310	
5.9	6	1	12	8	3	198	259380	57	74670	2.36288	0.0193004	2.33199	2.39399	1310	0	1310	1310	
6	6.1	1	1	9	3	198	259380	392	513520	0.591811	0.257915	0.366331	1.181	1310	0	1310	1310	
6	6.1	1	2	11	3	198	259380	58	75980	0.055765	0.01242	0.0364977	0.0784977	1310	0	1310	1310	
6	6.1	1	3	5	3	198	259380	98	128380	2.64074	0.320483	2.3515	3.04858	1310	0	1310	1310	
6	6.1	1	4	4	3	198	259380	155	203050	0.564087	0.729776	0.00105975	1.5235	1310	0	1310	1310	
6	6.1	1	5	12	3	198	259380	156	204360	0.885157	1.16783	0.000987242	2.44099	1310	0	1310	1310	
6	6.1	1	6	10	3	198	259380	83	108730	1.54209	0.619495	0.380504	1.90049	1310	0	1310	1310	
6	6.1	1	7	3	3	198	259380	58	75980	0.227268	0.126065	0.186992	1.16649	1310	0	1310	1310	
6	6.1	1	8	7	3	198	259380	65	85150	2.70074	0.166406	1.38391	2.74499	1310	0	1310	1310	
6	6.1	1	9	1	3	198	259380	57	74670	1.69598	0.0132754	1.67349	1.71999	1310	0	1310	1310	
6	6.1	1	10	6	3	198	259380	0	0	0	0	0	0	0	0	0	0	
6	6.1	1	11	2	3	198	259380	74	96940	2.68425	0.453191	2.42149	3.53282	1310	0	1310	1310	
6	6.1	1	12	8	3	198	259380	65	85150	2.43412	0.0220918	2.39899	2.46949	1310	0	1310	1310	
6.1	6.2	1	1	9	3	198	259380	397	520070	0.381259	0.345791	0.128831	1.2215	1310	0	1310	1310	
6.1	6.2	1	2	11	3	198	259380	65	85150	0.0975208	0.0121403	0.0769977	0.118998	1310	0	1310	1310	
6.1	6.2	1	3	5	3	198	259380	89	116590	2.64605	0.327082	2.3885	3.11794	1310	0	1310	1310	
6.1	6.2	1	4	4	3	198	259380	154	201740	0.571635	0.744992	0.00105975	1.5625	1310	0	1310	1310	
6.1	6.2	1	5	12	3	198	259380	161	210910	0.994386	1.21049	0.000987242	2.48349	1310	0	1310	1310	
6.1	6.2	1	6	10	3	198	259380	66	86460	1.74978	0.457265	0.508183	1.93499	1310	0	1310	1310	
6.1	6.2	1	7	3	3	198	259380	57	74670	0.250098	0.0109299	0.230492	0.269492	1310	0	1310	1310	
6.1	6.2	1	8	7	3	198	259380	58	75980	2.76459	0.0166925	2.73749	2.78849	1310	0	1310	1310	
6.1	6.2	1	9	1	3	198	259380	65	85150	1.74191	0.0141961	1.71849	1.76549	1310	0	1310	1310	
6.1	6.2	1	10	6	3	198	259380	73	95630	0.00338448	0.00190904	0.00146399	0.0110711	1310	0	1310	1310	
6.1	6.2	1	11	2	3	198	259380	79	103490	2.67805	0.417139	2.46099	3.60568	1310	0	1310	1310	
6.1	6.2	1	12	8	3	198	259380	57	74670	2.50567	0.0193922	2.47499	2.53699	1310	0	1310	1310	
6.2	6.3	1	1	9	3	198	259380	274	358940	0.299335	0.487787	0.00106299	1.2665	1310	0	1310	1310	
6.2	6.3	1	2	11	3	1312	1718720	57	74670	0.138498	0.012128	0.116498	0.159998	1310	0	1310	1310	
6.2	6.3	1	3	5	3	198	259380	105	137550	2.72545	0.342281	2.431	3.17347	1310	0	1310	1310	
6.2	6.3	1	4	4	3	198	259380	157	205670	0.656356	0.780867	0.00105975	1.605	1310	0	1310	1310	
6.2	6.3	1	5	12	3	198	259380	168	220080	0.850912	1.1885	0.000987242	2.52399	1310	0	1310	1310	
6.2	6.3	1	6	10	3	198	259380	81	106110	1.54677	0.630612	0.544825	1.97199	1310	0	1310	1310	
6.2	6.3	1	7	3	3	198	259380	67	87770	0.321435	0.195137	0.267492	1.43107	1310	0	1310	1310	
6.2	6.3	1	8	7	3	198	259380	59	77290	2.76322	0.222011	1.57422	2.82399	1310	0	1310	1310	
6.2	6.3	1	9	1	3	198	259380	57	74670	1.78424	0.0120179	1.76249	1.80599	1310	0	1310	1310	
6.2	6.3	1	10	6	3	203	265930	3	3930	0.00218422	0.000367846	0.00176756	0.00246399	1310	0	1310	1310	
6.2	6.3	1	11	2	3	198	259380	88	115280	2.92408	0.538353	2.51149	3.67557	1310	0	1310	1310	
6.2	6.3	1	12	8	3	198	259380	58	75980	2.57282	0.0195653	2.54199	2.60399	1310	0	1310	1310	
6.3	6.4	1	1	9	3	198	259380	168	220080	0.497973	0.626739	0.00100942	1.303	1310	0	1310	1310	
6.3	6.4	1	2	11	3	1519	1989890	55	72050	0.0386341	0.0474059	0.00349773	0.162998	1310	0	1310	1310	
6.3	6.4	1	3	5	3	198	259380	108	141480	2.82645	0.354674	2.4765	3.22628	1310	0	1310	1310	
6.3	6.4	1	4	4	3	198	259380	153	200430	0.606515	0.78816	0.00100618	1.6405	1310	0	1310	1310	
6.3	6.4	1	5	12	3	198	259380	161	210910	0.913182	1.21941	0.000987242	2.55099	1310	0	1310	1310	
6.3	6.4	1	6	10	3	198	259380	80	104800	1.74793	0.525505	0.620415	2.02249	1310	0	1310	1310	
6.3	6.4	1	7	3	3	198	259380	73	95630	0.584209	0.475734	0.310492	1.50482	1310	0	1310	1310	
6.3	6.4	1	8	7	3	198	259380	72	94320	2.73685	0.343779	1.68622	2.87149	1310	0	1310	1310	
6.3	6.4	1	9	1	3	198	259380	58	75980	1.81859	0.0105468	1.80299	1.83849	1310	0	1310	1310	
6.3	6.4	1	10	6	3	198	259380	0	0	0	0	0	0	0	0	0	0	
6.3	6.4	1	11	2	3	198	259380	87	113970	2.94331	0.544265	2.54549	3.75402	1310	0	1310	1310	
6.3	6.4	1	12	8	3	198	259380	65	85150	2.64504	0.0219815	2.60949	2.67999	1310	0	1310	1310	
